0.0 0.0030772388 0.044572443 0.0 0.03173978 0.0 0.0 0.0 0.048378035 0.046848387 0.0 0.03544622 0.0050899163 0.0026449412 0.0 0.058190502 0.02722083 0.0024848208 0.011623897 0.0 0.00021319091 0.0 0.0514229 0.0 0.017015621 0.001123473 0.0 0.04921768 0.0 0.0 0.06024219 0.004011102 0.023756668 0.052136183 0.042508975 0.0 0.0 0.0 0.030135915 0.059527434 0.03806328 0.0 0.04060188 0.0 0.012968056 0.0 0.0065985397 0.025396623 0.00861308 0.061165445 0.0 0.0 0.038799934 0.0 0.0 0.044423886 0.0 0.0 0.042006947 0.0 0.025111109 0.019559987 0.053050444 0.023808658 
0.0 0.0 0.0 0.05863391 0.0 0.0 0.0 0.057307765 0.0 0.0 0.05789289 0.0 0.002869442 0.0 0.0 0.0 0.0 0.0 0.04970897 0.05048009 0.04097917 0.0 0.03908345 0.019236125 0.022602357 0.050773546 0.0 0.0 0.022984564 0.0 0.039099105 0.01598338 0.0 0.053759858 0.0 0.0 0.0 0.045893483 0.0 0.0 0.058584265 0.0 0.006614387 0.013144337 0.0 0.032878995 0.0 0.0 0.0 0.01784268 0.051161006 0.011251643 0.0 0.0 0.03267374 0.0 0.0 0.0 0.026171856 0.027141929 0.0 0.0 0.030856654 0.0024671406 
0.0 0.05642689 0.047622927 0.0 0.05343829 0.0 0.004121661 0.0 0.0 0.0 0.011845715 0.0 0.03717096 0.0 0.009631 0.0 0.0 0.058244012 0.0 0.053259745 0.0 0.038257904 0.01623863 0.0 0.04749631 0.0 0.0 0.021497615 0.008682847 0.0 0.006887771 0.0 0.0 0.0 0.0012352765 0.036948264 0.0 0.011047654 0.0 0.0 0.036730163 0.017260127 0.02247493 0.0 0.0 0.0 0.0 0.05335091 0.040978573 0.0 0.015756018 0.0 0.023517907 0.0 0.043349653 0.0 0.01993081 0.01524128 0.0 0.0 0.03877832 0.0 0.01638636 0.061076 
1.174767e-05 0.0 0.00034360308 0.0 0.0 2.0169816 0.43283933 0.0 0.0004428427 9.039057e-05 0.0 6.581058e-05 3.0425829e-06 0.00014932262 0.0 0.0 0.0 1.388376 0.94326097 0.0 0.0 0.05487007 0.0 0.031291567 0.0 0.0 1.6029081 0.0 0.0 0.0 0.0 0.00035881822 0.0 0.0 0.0001340783 0.0 0.00037831324 0.0 0.0 0.0 0.0 0.0 0.0 0.0 0.0 0.0 0.0 1.2432661 0.0 0.9900552 0.0 0.0 0.0 0.0 0.03703826 0.0 0.0 0.0 0.0 0.00020480188 0.0 0.0 0.0 1.3578326e-05 
0.0 0.0 0.0 0.0 0.0 3.2628582 1.6659988 0.0 0.0 8.780406e-06 0.0 0.0 0.0 0.0 0.0 0.0 0.0 2.607234 2.0722551 0.0 0.0 0.0 0.0 0.0 0.0 0.0 1.9145844 0.0 0.0 0.0 0.0 0.0 0.0 0.0 0.0 0.0 0.0 0.0 0.0 0.0 0.00065511034 0.0 0.0 0.0 0.0 0.0 0.0 0.7259533 0.0 1.3681105 0.0 0.0 0.0 0.0 0.0 0.0 0.0 0.0 0.0 0.0 0.0 0.0 0.0 4.886091e-06 
0.0 0.0 0.0 0.0 0.0 1.9916227 1.0825628 0.0 0.0 1.7917565e-06 0.0 0.0 0.0 0.0 0.0 0.0 0.0 1.7117379 1.3985347 0.0 0.0 0.0 0.0 0.0 0.0 0.0 4.1822953 4.14374e-05 0.0 0.0 0.0 0.0 0.0 0.0 0.0 0.0 0.0 0.0 0.0 0.0 0.00019515376 0.0 0.0 0.0 0.0 0.0 0.0 0.0022241175 0.0 3.5354598 0.0 0.0 0.0 0.0 0.0 0.0 0.0 0.0 0.0 0.0 0.0 0.0 0.0 0.0 
0.0 0.0 0.0 0.0 0.0 1.9504532 0.38521162 0.0 0.0 1.3339065e-06 0.0 0.0 0.0 0.0 0.0 0.0 0.0 0.9716377 1.8618268 0.0 0.0 0.0 0.0 0.0 0.0 0.0 3.812236 0.0 0.0 0.0 0.0 0.0 0.0 1.6370468e-06 0.0 0.0 0.0 0.0 2.7105287e-08 0.0 0.00019416981 0.0 0.0 0.0 0.0 0.0 0.0 0.012235942 0.0 3.8367515 0.0 0.0 0.0 0.0 0.0 0.0 0.0 0.0 0.00061891053 0.0 0.0 0.0 0.0 3.301913e-06 
0.0 0.0 0.0 0.0 0.0 1.945665 0.28370327 0.0 0.0 9.693895e-07 0.0 0.0 0.0 0.0 0.0 0.0 0.0 0.9346534 2.0068786 0.0 0.0 0.0 0.0 0.0 0.0 0.0 2.828844 4.070568e-05 0.0 0.0 0.0 0.0 0.0 0.0 0.0 0.0 0.0 0.0 0.0 0.0 0.0 0.0 0.0 0.0 0.0 0.0 0.0 0.010264086 0.0 1.725266 0.0 0.0 0.0 0.0 0.0 0.0 0.0 0.0 0.0 0.0 0.0 0.0 0.0 0.0 
0.0 0.0 0.001167081 0.0 0.0 0.005975281 0.0066117058 0.0054607466 0.0024191132 0.0 0.0 0.0005132486 0.0 0.0 0.0 0.0 0.0 0.0069504743 0.006847291 0.0 0.0 0.0 0.0 0.0 0.0 0.0 1.359905 0.0 0.0 0.0 0.0 0.0009196762 0.0 0.0 0.0 0.0 0.0016153102 0.0 0.000816297 0.0 0.00063605164 0.0 0.0 0.0 0.0 0.0 0.0 0.0026677465 0.0 1.6109823 0.0 0.0 0.0 0.0 0.0010481518 0.0 0.0 0.0 0.0 0.0 0.0 0.0 0.0 0.0 
0.0 0.0 0.0 0.0 0.0 0.0 0.0 0.0 0.0 0.0 0.0 0.00012572692 0.0 0.0 0.0 0.0 0.0 0.0 0.0 0.0 0.001535911 0.0 0.0 0.0 0.0061609847 0.0 0.0 0.0 0.0 0.0 0.0 0.0 0.0 0.0 0.0 0.0014146203 0.0 0.0 0.0 0.0042186617 0.0 0.005324299 0.3245153 0.0 0.0 0.005346396 0.0 0.0 0.0 0.0031602297 0.0 0.0047741085 0.0 0.0 0.0 0.0 0.0042152554 0.0 0.0 0.0 0.0 0.0 0.0 0.0 
0.0 0.0 0.0 0.0 0.0 2.6340933 0.6501784 0.0 0.0 0.0 0.0 0.0 0.0 0.0 0.0 0.0 0.0 1.2749813 2.0921102 0.0 0.0 0.0 0.0 0.0 0.0 0.0 3.0065155 0.0 0.0 0.0 0.0 0.0 0.0 0.0 0.0 0.0 0.0 0.0 0.0 0.0 0.0 0.0 0.0 0.0 0.0 0.0 0.0 0.010895726 0.0 2.0795586 0.0 0.0 0.0 0.0 0.0 0.0 0.0 3.7013986e-05 0.0 0.0 0.0 0.0 0.0 0.0 
0.0 0.0 0.0 0.0 0.0 2.9742537 1.5341338 0.0 0.0 0.0 0.0 0.0 0.0 0.0 0.0 0.0 0.0 2.070282 1.6674713 0.0 0.0 0.0 0.0 0.0 0.0 0.0 2.716384 0.0 0.0 0.0 0.0 0.0 0.0 0.0 0.0 0.0 0.0 0.0 0.0 0.0 0.0 0.0 0.0 0.0 0.0 0.0 0.0 2.160126 0.0 2.063079 0.0 0.0 0.00010999589 0.0 0.0 0.0 0.0 0.00046178108 0.0 0.0 0.0 0.0 0.0 0.0 
0.0 0.0 0.0 0.0 0.0 1.7652944 0.07990835 0.0 0.0 0.0 0.0 0.0 0.0 0.0 0.0 0.0 0.0 0.54100114 0.5299524 0.0 0.0 0.0 0.0 0.0 0.0 0.0 1.2175176 0.0 0.0 0.0 0.0 0.0 0.0 0.0 0.0 0.0 0.0 0.0 0.0 0.0 0.0 0.0 0.0 0.0 0.0 0.0 0.0 0.0 0.0 0.817532 0.0 0.0 0.0 0.0 0.0 0.0 0.0 0.0 0.0 0.0 0.0 0.0 0.0 0.0 
5.8625243e-05 0.0 0.00040240737 1.0037141e-05 0.0 2.0587916 1.0159326 1.7989018e-05 0.00067884306 0.0046391054 0.04439545 0.0109730875 0.0 0.0014142236 0.0 0.0 0.0 1.7974188 0.95495325 0.0 3.979027e-05 0.00033916323 0.0 0.0 0.0 0.058828797 2.0483243 0.0024901435 0.0 0.0 7.0494585e-05 0.0006892077 0.0 0.0 0.0013083597 2.9985662e-05 0.0006549465 0.00046363377 0.0 0.0 0.18414634 0.0 0.0 0.035696965 6.22937e-05 0.0 0.013624887 1.6549257 0.0 1.6530644 0.04187223 4.416467e-05 0.06021038 0.0 0.003842291 0.0 0.0002218791 0.19974437 0.0 0.00044905854 0.0 0.0 0.0 4.4822733e-05 
0.0 0.0 0.0 0.0 0.012664601 0.05860305 0.0 0.01890017 0.0 0.0 0.05197215 0.0 0.048541725 0.044842325 0.059629105 0.0045341626 0.0 0.046140566 0.0 0.0 0.040000446 0.014457852 0.038442068 0.06220168 0.0 0.0 0.0 0.02025485 0.0 0.0 0.01045721 0.051378928 0.0 0.0 0.02049154 0.0 0.05399569 0.0 0.0 0.0034249425 0.040917918 0.057118952 0.0 0.0 0.0 0.03844651 0.0 0.01907622 0.03939727 0.0 0.0 0.0 0.03995963 0.0060585216 0.061596483 0.02909109 0.041611582 0.0437679 0.0 0.0 0.024156176 0.0 0.0 0.0 
0.0 0.0 0.025653757 0.009939849 0.038422808 0.0 0.020177603 0.0 0.0 0.0 0.045651153 0.057268746 0.0 0.058355004 0.0 0.0 0.0 0.0126313865 0.053809106 0.0040192157 0.04680182 0.05498395 0.062246256 0.0 0.0 0.0068238825 0.055102125 0.036588915 0.01808402 0.0 0.0 0.022500217 0.03883075 0.0 0.007390842 0.0 0.0 0.018426314 0.0 0.044714674 0.00852599 0.0 0.03267107 0.04631394 0.006595984 0.0 0.05542074 0.03208816 0.05143685 0.041881442 0.0 0.0 0.0 0.0 0.0 0.023304999 0.0 0.016325101 0.010280661 0.0 0.009524867 0.0 0.02361352 0.0008433759 
0.021423705 0.043029726 0.0 0.02041959 0.0 0.0 0.0 0.0 0.0 0.02737423 0.048033483 0.039094225 0.013127007 0.0 0.0 0.047676623 0.058320515 0.014321297 0.0 0.0 0.0 0.055198155 0.03182146 0.0 0.04431341 0.043944195 0.0 0.029099941 0.0 0.023104623 0.0 0.0 0.0 0.01454673 0.037176996 0.0 0.05461199 0.0 0.031693824 0.015979826 0.02536358 0.0 0.054016978 0.0 0.0 0.0 0.051179126 0.0 0.0 0.052334085 0.044311874 0.0 0.0 0.056809857 0.020579591 0.0 0.022980012 0.0 0.057307087 0.0 0.019357078 0.010322474 0.0 0.0 
0.0 0.0 6.913654e-06 0.0 0.0 1.1439402 0.15851377 0.0 7.247672e-06 0.0 0.0 0.0 0.0 0.0 0.0 0.0 0.0 0.55070645 0.2839254 0.0 0.0 0.0 0.0 0.018582877 0.0 0.0 0.5675464 0.0 0.0 0.0 0.0 6.231856e-06 0.0 0.0 0.0 0.0 5.761288e-06 0.0 0.0 0.0 0.00027848023 0.0 0.0 0.0 0.0 0.0 0.0 0.43324333 0.0 0.23391207 0.0 0.0 0.0012260831 0.0 0.016041972 0.0 0.0 0.0015263712 0.0 0.0 0.0 0.0 0.0 0.0 
0.0 0.0 0.0 0.0 0.0 1.4556556 0.5401175 0.0 0.0 3.7274745e-05 0.0 0.0 0.0 0.0 0.0 0.0 0.0 1.1239325 1.141407 0.0 0.0 0.0 0.0 0.0 0.0 0.0 1.9784851 0.0 0.0 0.0 0.029991146 0.0 0.0 0.0 0.0 0.0 0.0 0.0 0.0 0.0 0.00039775355 0.0 0.0 0.0 0.0 0.0 0.0 1.1448884 0.0 1.6549629 0.0 0.0 0.0 0.0 0.0 0.0 0.0 0.0 0.0 0.0 0.0 0.0 0.0 0.0 
0.0 0.0 0.0 0.0 0.0 0.0068124207 0.00914621 0.0 0.0 0.0 0.0 0.0 0.0 0.0 0.0 0.0 0.0 0.0086908825 0.0089303525 0.0 0.0 0.0 0.0 0.0 0.0061379047 0.0 1.1697639 0.0 0.0 0.0 0.0 0.0 0.0 0.0 0.0 0.0 0.0 0.0 0.0 0.0 0.0018394128 0.0034174176 0.008347272 0.0 0.0 0.018273668 0.0 0.004100823 0.0 1.7180594 0.0 0.0 0.0 0.0 0.0 0.0 0.007892318 0.0 0.0 0.0 0.0 0.0 0.0 0.0 
0.0 0.0 0.0 0.0 0.0 0.0026379446 0.003907524 0.0 0.0 0.0 0.0 0.0 0.0 0.0 0.0 0.0 0.0 0.0034975393 0.0034235457 0.0 0.0 0.0 0.0 0.0 0.0 0.0 1.9958776 0.0 0.0 0.0 0.0 0.0 0.0 0.0 0.0 0.0 0.0 0.0 0.0 0.0 0.00083782116 0.0 0.0 0.0 0.0 0.0 0.0 9.0034104e-05 0.0 3.7588136 0.0 0.0 0.0 0.0 0.0 0.0 0.0 0.0 0.0 0.0 0.0 0.0 0.0 0.0 
0.0 0.0 0.0 0.0 0.0 0.0 0.0 0.0 0.0 0.0 0.019337505 0.0 0.0 0.0 0.0 0.0 0.0 0.0 0.0 0.0 0.0 0.009044195 0.0 0.0 0.003502798 0.0 1.9774463 0.0 0.0 0.0 0.0 0.0 0.0 0.0 0.0 0.0 0.0 0.0 0.0 0.0 0.0 0.0020699524 0.0021859165 0.0 0.0 0.002937704 0.0 0.0 0.0 5.5049944 0.0 0.0028841603 0.0 0.0 0.0 0.0 0.0052908226 0.0 0.01120981 0.0 0.0 0.0 0.0 0.0 
0.0 0.0 0.0 0.0 0.0 0.0 0.0 0.0 0.0 0.0 0.0 0.0 0.0 0.0 0.0 0.0 0.0 0.0 0.0 0.0 0.0 0.0 0.0 0.0 0.006286248 0.0 1.9825351 0.0 0.0 0.0 0.0 0.0 0.0 0.0 0.0 0.0 0.0 0.0 0.0 0.0 0.0 0.0038038585 0.0021970703 0.0 0.0 0.009825334 0.0 0.0 0.0 8.878306 0.0 0.0 0.0 0.0 0.0 0.0 0.008236034 0.0 0.0 0.0 0.0 0.0 0.0 0.0 
0.0 0.0 0.0 0.0 0.0 0.0 0.0 0.0 0.0 0.0 0.0010103522 0.0 0.0 0.0 0.0 0.0 0.0 0.0 0.0 0.0 0.0 0.001587941 0.0 0.0 0.0 0.0 1.9891762 0.0 0.0 0.0 0.0 0.0 0.0 0.0 0.0 0.0 0.0 0.0 0.0 0.0036738182 0.0 0.0 0.0 0.0 0.0 0.0 0.0 0.0 0.0 13.035003 0.0 0.0 0.0 0.0 0.0 0.0 0.003016225 0.0 0.00011062363 0.0 0.0 0.0 0.0 0.0 
0.0 0.0 0.0 0.0 0.0 0.00033665035 3.101232e-05 0.0 0.0 0.0 0.0158312 0.0 0.0 0.0 0.0 0.0 0.0 0.0002312626 0.0005978578 0.0 0.0 4.8105267e-05 0.0 0.0 0.0 0.0 2.0064638 0.00059237087 0.0 0.0 0.0 0.0 0.0 0.0 0.0 0.0 0.0 0.0 0.0 0.023493282 9.5031115e-05 0.0 0.0 0.0 0.0 0.0 0.0 0.0 0.0 11.014775 0.0 0.0 0.0 0.0 0.0 0.0 0.0 0.0 0.00046094882 0.0 0.0 0.0 0.0 0.0 
0.0 0.0 0.0 0.0 0.00018855173 0.0037178996 0.0014235467 0.0 0.0 0.0 0.0079999305 0.0 0.0 0.0 0.0 0.0 0.0 0.0028648803 0.006528553 0.0 0.0 0.0 0.00022342308 0.0 0.0 0.0 5.560532 0.0 0.00022058605 0.0 0.0 0.0 0.0 0.0 0.0 0.0 0.0 0.0 0.0 0.2075753 0.0 0.0 0.0 0.00012839214 0.0 0.0 0.0 0.00023653472 0.0 9.444172 0.0 0.0 0.0 0.00021846348 0.0 0.0 0.0 0.0 0.0 0.0 0.0 0.0 0.0 0.0 
0.0 0.0 0.0 0.0 0.0034895984 0.033143856 0.017515456 0.0 0.0 0.0 0.5079757 0.0 0.0 0.0 0.0 0.0 0.0 0.24388357 2.0032027 0.0 0.0 0.0 0.0032069008 0.0 0.0 0.0 6.339491 0.0 0.0031399943 0.0 0.0 0.0 0.0 0.0 0.0 0.0 0.0 0.0 0.0 0.016176814 0.0 0.0 0.0 0.004343715 0.0 0.0 0.0 0.00027882404 0.0 7.4151096 0.0 0.0 0.0 0.0039561233 0.0 0.0 0.0 0.0 0.0 0.0 0.0 0.0 0.0 0.0 
0.0 0.0 0.0 0.0 0.00032280164 0.12475417 0.06284546 0.0 0.0 0.0 0.07207865 0.0 0.0 0.0 0.0 0.0 0.0 0.99087405 2.0403948 0.0 0.0 0.0 0.00036933325 0.0 0.00032229893 0.0 3.7378733 0.0 0.00036512373 0.0 0.0 0.0 0.0 0.0 0.0 0.0 0.0 0.0 0.0 0.0 0.0 0.0 0.00063092203 0.0 0.0 0.0004980632 0.0 0.0 0.0 3.3331962 0.0 0.0 0.0 0.00062256685 0.0 0.0 0.00067250757 0.0 0.0 0.0 0.0 0.0 0.0 0.0 
0.0 0.0 0.0 0.0 0.0 0.769027 0.66971743 0.0 0.0 0.0 0.008124621 0.0 0.0 0.0 0.0 0.0 0.0 1.5401744 2.3779564 0.0 0.0 0.0 0.0 0.0 0.0 0.0 3.0806913 0.0 0.0 0.0 0.0 0.0 0.0 0.0 0.0 0.0 0.0 0.0 0.0 0.0 0.0 0.0 0.0 0.0 0.0 0.0 0.0 0.0 0.0 1.9001048 0.0 0.0 0.0 0.0 0.0 0.0 0.0 0.0 0.0 0.0 0.0 0.0 0.0 0.0 
0.0 0.0 0.0 0.0 0.0 1.1267202 1.2085702 0.0 0.0 1.4676395e-07 0.0 0.0 0.0 0.0 0.0 0.0 0.0 1.6243064 2.1901877 0.0 0.0 0.0 0.0 0.0 0.0 0.0 2.358508 0.0 0.0 0.0 0.0 0.0 0.0 0.0 0.0 0.0 0.0 0.0 0.0 0.0 0.0023394423 0.0 0.0 0.0 0.0 0.0 0.0 0.054797713 0.0 1.3843946 0.0 0.0 0.0 0.0 0.0 0.0 0.0 0.0 0.0 0.0 0.0 0.0 0.0 0.0 
0.0 0.0 0.0 0.0 0.0 0.00042983904 0.0005817422 0.0 0.0 0.0 0.0 0.0 0.0 0.0 0.0 0.0 0.0 0.00043524342 0.0002044942 0.0 0.0 0.0 0.0 0.0 0.049652334 0.0 0.0002243262 0.0 0.0 0.0 0.0 0.0 0.0 0.0 0.0 0.0 0.0 0.0 0.0 0.0 0.0 0.36248368 0.260945 0.0 0.0 0.013218952 0.0 0.0 0.0 9.445166e-05 0.0 0.025971277 0.0 0.0 0.0 0.0 0.118002556 0.0 0.0 0.0 0.0 0.0 0.0 0.0 
0.0 0.030733287 0.04629904 0.059611633 0.0 0.032158107 0.0 0.014821887 0.010820046 0.04699927 0.0 0.0 0.009956121 0.061757006 0.0021435097 0.0 0.0 0.0 0.03914628 0.0 0.0 0.006032467 0.015078157 0.0 0.06091112 0.014132112 0.008111149 0.01274696 0.013538703 0.0 0.0 0.042970166 0.0 0.006732449 0.0 0.0 0.0 0.0 0.0 0.0 0.055648826 0.0069674775 0.021666154 0.0 0.0 0.013624996 0.031847507 0.0 0.0 0.03337358 0.0 0.0 0.0 0.005023353 0.0 0.014638804 0.01284074 0.0 0.0 0.0 0.0062152073 0.0 0.0 0.033617787 
0.039921574 0.05658079 0.008930072 0.060711987 0.04463941 0.043149367 0.015671097 0.0 0.021990582 0.0 0.0 0.0 0.035308897 0.0545057 0.0 0.0 0.014256932 0.0021042526 0.06166759 0.0 0.014484383 0.0018702373 0.045393035 0.0006116256 0.0 0.032531694 0.014410749 0.0 0.052553065 0.0 0.0 0.0 0.0 0.05978448 0.0 0.0 0.011015266 0.0 0.0 0.0 0.05973947 0.061044797 0.059279688 0.0 0.0 0.0 0.0 0.0010357946 0.044165105 0.053746805 0.015367977 0.0011187866 0.019378677 0.0 0.0 0.0 0.04537022 0.0 0.0 0.04742971 0.0 0.02497685 0.053392366 0.02524919 
0.0 0.0 0.70377207 0.0 0.0 0.0 0.0 0.9573696 0.9816102 0.0 0.0 0.0 0.0 0.0 0.0 0.0 0.025150495 0.0 0.0 0.66033906 0.0 0.0 0.0 0.0 0.0 0.0 0.0 0.0 0.0 0.0 0.0 0.97731274 0.0 0.0 0.0 0.0 0.9780336 0.03377556 0.2679564 0.0 0.0 0.0 0.0 0.0 0.0 0.0 0.0 0.0 0.0 0.0 0.0 0.0 0.0 0.0 0.0 0.0 0.0 0.0 0.0 0.0 0.05229017 0.0 0.0 0.0 
0.0 0.0 0.0 0.008090456 0.11162179 0.014347407 0.5988611 0.0 0.0 0.0 0.0 0.00073726417 0.0 0.0 0.0 0.0025262055 0.0 0.27597055 0.0155562805 0.0 0.0011237859 0.0 0.068879515 0.0 0.017171727 0.0 0.28006768 0.0 0.1158853 0.0 0.00049639074 0.0 0.010209911 0.0 0.0 0.0 0.0 0.0025725842 0.0 0.030940559 0.0008865478 0.026254486 0.016751766 0.8745186 0.0 0.004665481 0.00018430036 0.0010448707 0.0 0.3563083 0.0 0.0 0.0 0.012077969 0.66175693 0.0 0.0077661565 0.0 0.0 0.0 0.016838921 0.0 0.0 0.0 
0.0 0.0 0.0 0.008550118 0.006098269 0.0 0.0 0.0 0.0 0.0 0.0 0.0 0.0 0.0 0.0 0.0016419975 0.0 0.0 0.0 0.0 0.0015236043 0.0017449699 0.0024697182 0.0 0.017020315 0.0 0.0 0.0015818505 0.0022219475 0.0 0.0010227273 0.0 0.0 0.0 0.0 0.00042125644 0.0 0.0 0.0 0.0 0.0 0.012358787 0.018249713 0.032467008 7.7027544e-05 0.9784894 0.0 0.0 0.0 0.0 0.0 0.0 0.0 0.0 0.0 0.0 0.010281224 0.0 0.002077395 0.0 0.009027957 0.0014042325 0.0 0.0 
0.0 0.0 0.0 0.0 0.0 0.0 0.0 0.0 0.0 0.0 0.0 0.0 0.0 0.0 0.0 0.0 0.0 0.0 0.0 0.0 1.9178006e-07 0.0 0.0 0.0 0.0173279 0.0 0.0 0.0 0.0 0.0 0.0 0.0 0.0 0.0 0.0 0.0 0.0 0.0 0.0 0.00043345784 0.0 0.017832536 0.01607987 0.010433135 0.0 0.14443791 0.0 0.0 0.0 0.0 0.0 0.0 0.0 0.0 0.0 0.0 0.010372303 0.0 0.0 0.0 0.0 0.0 0.0 0.0 
0.0 0.0 0.0 0.00034516916 0.0021408666 0.0 0.0 0.0 0.0 0.0 0.0 0.0 0.0 0.0 0.0 0.00020580499 0.0 0.0 0.0 0.0 0.000330748 0.0 0.0036409234 0.0 0.029955745 0.0 0.0 0.0 0.0033282922 0.0 0.00021523466 0.0 0.0 0.0 0.0 0.0 0.0 0.0 0.0 0.5849962 0.0 0.87945455 0.015851015 0.04295992 0.0 0.23196027 0.0 0.0 0.0 0.0003777276 0.0 0.0 0.0 0.00038633661 0.0 0.0 0.0007188342 0.0 0.0 0.0 0.0 0.00011202419 0.0 0.0 
0.0 0.0 0.0 0.0 0.009459399 0.0 0.0 0.0 0.0 0.0 0.011696744 0.0 0.0 0.0 0.0 0.0 0.0 0.0 0.0 0.0 0.0 0.0 0.011919364 0.0 0.039546106 0.0 0.0 0.0 0.011458571 0.0 0.0 0.0 0.00096775335 0.0 0.0 0.0 0.0 0.0 0.0 8.074326 0.0 0.16460072 0.104020804 0.065456256 0.0 0.49291536 0.0 0.0 0.0 0.0 0.0 0.0 0.0 0.00024702234 0.0 0.0 0.00042513147 0.0 0.031726055 0.0 0.0 0.0 0.0 0.0 
0.0 0.0 0.0 0.0 0.00046648356 0.0 0.0 0.0 0.0 0.0 0.00062451867 0.0 0.0 0.0 0.0 0.0 0.0 0.0 0.0 0.0 0.0 0.0 0.00030626426 0.0 0.0073683374 3.7986003e-05 0.0 0.0 0.00029301827 0.0 0.0 0.0 7.327731e-05 0.0 0.0 0.0 0.0 0.0 0.0 0.47602943 0.0 0.0039408207 0.91001546 0.0007110413 0.0 0.00037638497 0.0 0.0 0.0 0.0 0.0 0.0 0.0 0.0 0.0 0.0 0.00046171484 0.0 0.0 0.0 0.0 0.0 0.0 0.0 
0.0 0.00033356913 0.0 0.0 5.3953465e-07 0.0 0.0 0.0 0.0 0.0 0.21957734 0.0 0.0 0.0 0.0 0.0 0.0003498771 0.0 0.0 0.0 0.0 0.0025182455 2.9071152e-06 0.0 8.9906054e-05 0.0015666885 0.0 0.0 8.3142805e-07 0.0011113602 0.0 0.0 0.0 0.0 0.0 0.0 0.0 0.0 0.0 0.2288796 0.0 0.0 0.07606383 0.0 0.0 0.0 0.0 0.0 0.0 0.0048344526 0.0 0.0 0.001243261 0.0 0.0 0.0 0.0 0.001074229 0.0 0.0 0.0 0.0 0.0 0.0 
0.0 0.000645442 0.0 0.0 0.0 0.0 0.0 0.0 0.0 0.0 8.909253 0.0 0.0 0.0 0.0 0.0 0.0006437123 0.0 0.0 0.0 0.0 0.006686241 0.0 0.0 0.0006194321 0.01194274 0.0 0.0 0.0 0.0024980286 0.0 0.0 0.0 0.0 0.0 0.0 0.0 0.0 0.0 0.0 0.0 0.0 0.8926444 0.0 0.0 0.000724757 0.0 0.0 0.0 1.3408654 0.00023818725 0.0 0.0026584237 0.0 0.0 0.0 0.0 0.001765195 0.00024847942 0.0 0.0 0.0 0.0 0.0 
0.00011643212 0.0 0.0 0.0 0.0 0.0 0.0 0.0 0.0 0.0 4.4171205 0.0 0.00011395769 0.000112853784 0.0 0.0 0.0 0.0 0.0 0.0 0.0 0.27122286 0.0 0.0 0.0 0.0008763798 0.0 0.0 0.0 0.00032007508 0.0 0.0 0.0 0.0 0.00011149691 0.0 0.0 0.0 0.0 0.0 0.0 0.0 0.074877515 0.0 0.0 0.0 0.0 0.0 0.0 0.65781987 0.0 0.0 0.00027617073 0.0 0.0 0.0 0.0 8.547371e-05 0.0 0.000116542506 0.0 0.0 0.0001257673 0.0 
0.00057856564 0.0 0.0005888275 0.00015123647 0.0 0.0 0.0 0.00014321762 0.00043444714 0.0 0.004949733 0.0 0.00041837024 0.00041232715 0.00017057316 8.013806e-05 0.0 0.0 0.0 0.0007434354 0.0 0.63236004 0.0 0.0 0.0 0.0003911736 0.0 0.0 0.0 0.00010740851 0.00014428982 0.00046747128 0.0 0.0 0.0004113458 0.00023849824 0.00044065775 0.0 0.00046413083 0.0 0.0005868214 0.0 0.0 0.0 0.0 0.0 0.0 0.0 6.548274e-05 1.3381547 1.542145e-05 0.0 5.4141532e-05 0.0 0.0 0.0 0.0 5.6309655e-05 0.0 0.0004132542 0.0 2.0823669e-05 0.00044471427 0.0 
0.0006934463 0.0 0.014483816 0.0 0.0 0.0 0.0 0.0068484223 0.014131809 0.0 0.001812804 0.0 0.00066089415 0.00065380416 0.0003891233 0.0 0.0 0.0 3.243538e-05 0.020050762 0.0 1.8039294 0.0 0.0 0.0 0.0009896088 8.115241e-05 0.0 0.0 0.0 0.0 0.014039917 0.0 0.0 0.00065414526 0.0004196398 0.014269701 0.0045362036 0.014802836 0.0 0.0012734375 0.0 0.0 0.0 0.0 0.0 0.0 0.0 0.0002836542 0.63938934 0.00012887659 0.0 0.0 0.0 0.0 0.0 0.0 0.0 0.00048650883 0.0006534699 0.0 0.0 0.0007024179 0.0 
0.00058385136 0.0 0.0032920556 0.0035954646 0.0 0.023093922 0.023714762 0.003368459 0.0031499723 0.0 0.0 0.0 0.00054957985 0.00054144545 0.00051978853 0.0055880863 0.0 0.025893526 0.028713673 0.0036693185 0.00017565582 0.03462241 0.0 0.0 0.0 0.0 0.026610835 0.0 0.0 0.0 0.9300714 0.0031629817 0.0 0.0 0.00054210064 0.000601346 0.0031726565 0.004947488 0.0031160084 0.0 0.0014618096 0.0 0.0 0.0 0.0 0.0 0.0 0.010922461 0.00013641028 0.028939268 0.0 0.0 0.0 0.0 0.0 0.0 0.0 0.0 1.7858998 0.00054129993 0.0063988767 0.0043177945 0.0005834067 0.0 
0.010680801 0.0 0.0 0.0 0.0 0.05657009 0.030122858 0.0 0.0 0.0 0.0 0.0 0.009540193 0.009430437 0.0017854199 0.0 0.0 0.031777553 0.036024828 0.0 0.0 0.19419578 0.0 0.0 0.0 0.0 0.0308234 0.43829432 0.0 0.0 0.0 0.0 0.0 0.0 0.009446114 0.0 0.0 0.0 0.0 0.0 0.0020633987 0.0 0.0 0.0 0.0 0.0 0.0 0.026798645 0.0015361295 0.028762741 0.0002899206 0.0 0.0 0.0 0.0 0.0 0.0 0.0 1.2304894 0.009491453 0.0 0.0 0.0102910055 0.0 
0.032898832 0.0 0.0 0.011880792 0.0 1.1547934 0.0 0.0 0.0 0.0 0.004485368 0.0 0.031648967 0.03206184 0.013475996 0.014391592 0.0 0.0050210017 0.13802554 0.0 0.013694127 0.33661938 0.0 5.503243e-05 0.0 0.0 0.25707716 0.27560306 0.0 0.0 0.014424399 0.0 0.008821478 0.009176177 0.03202502 0.01158259 0.0 0.0 0.0 0.0 0.0 0.0 0.0 0.0 0.0016650342 0.0 0.0 1.4857932 0.01158537 0.44276825 0.0 0.0 0.0 0.0 0.0004997739 0.0 0.0 0.0 0.65798324 0.03285509 0.013092457 0.0132843675 0.028310653 0.18235444 
0.060708813 0.0 0.0 0.0 0.0 0.0 0.01044824 0.022380747 0.0 0.0078014806 0.025983267 0.016053706 0.026326202 0.0 0.009558976 0.0 0.0 0.015480928 0.0 0.009822637 0.0 0.0 0.04430875 0.043002002 0.0 0.0 0.019756041 0.008153707 0.057551615 0.014458567 0.0054167137 0.0 0.0 0.0 0.05377225 0.0 0.05442997 0.0 0.0 0.050319158 0.009218872 0.033513047 0.0 0.036369085 0.051652744 0.0 0.0040068105 0.0 0.0 0.0 0.0 0.0 0.020160884 0.0 0.0 0.057400033 0.0 0.057350032 0.046938725 0.0006156415 0.0 0.03817626 0.0 0.0 
0.0 0.0 0.0025623683 0.005497664 0.1378367 0.0 0.0 0.0014385073 0.0025024158 0.0 0.0 0.031013122 0.0 0.0 0.0 0.0018249736 0.0 0.0 0.0 0.0030607227 0.0 0.0 0.28230947 0.31494156 0.0 0.0 0.0 0.0 0.43627948 0.0 0.0053508813 0.0024996034 0.051267825 0.0 0.0 0.0 0.0025190972 0.00084859034 0.0024802706 0.033590328 0.0 0.0 0.0 0.6406357 0.0 0.0 0.92454785 0.0 0.010222044 0.0 0.0061469185 0.31828877 0.0 0.13720919 0.002276419 0.0 0.0 0.0 0.0 0.0 0.0 0.0027472693 0.0 0.0 
0.0 0.0 0.0 0.00784437 0.4820255 0.0 0.0 0.0 0.0 0.0 0.0 0.0035436037 0.0 0.0 0.0 0.0013761731 0.0 0.0 0.0 0.0003174492 0.00025021398 0.0 0.17743611 0.0 0.006111914 0.0 0.0 0.0 0.18262552 0.0 0.19837664 0.0 0.0 0.0 0.0 0.0 0.0 0.0 0.0 0.0013859711 0.0 0.0056306515 0.0067842524 1.5175945 0.0 0.10716887 0.001273199 0.0 0.0 0.0 0.0 0.0020106512 0.0 0.03848156 0.0 0.0 0.0014905774 0.0 0.0 0.0 0.20056337 0.0018776765 0.0 0.0 
0.0 0.0 0.0 0.0057312353 0.04992064 0.0 0.0 0.0 0.0 0.0 0.0 0.0006836866 0.0 0.0 0.0 0.0003898319 0.0 0.0 0.0 0.0 0.0003437326 0.0 0.048644625 0.00012950155 0.0035460016 0.0 0.0 0.0 0.04733386 0.0 0.48048824 0.0 0.009956875 0.0 0.0 0.0 0.0 0.0 0.0 0.0037722243 0.0 0.0033549783 0.004561497 0.5043445 0.0 0.35691532 0.00067263143 0.0 0.0 0.0 0.0 0.0 0.0 0.016936442 0.009018916 0.0 0.0 0.0 0.0 0.0 0.0032079539 0.0005148656 0.0 0.0 
0.0 0.0 0.0 0.00030182817 0.015924986 0.0 0.0 0.0 0.0 0.0 0.0 0.0 0.0 0.0 0.0 0.00022326248 0.0 0.0 0.0 0.0 0.0003516782 0.0 0.02419214 0.0 0.001969673 0.0 0.0 0.0 0.02341974 0.0 0.0017529895 0.0 0.0018966389 0.0 0.0 0.0 0.0 0.0 0.0 0.47982648 0.0 0.0019071467 0.0013174051 0.17836052 0.0 0.01135062 0.0 0.0 0.0 0.0 0.0 0.0 0.0 0.0059671663 0.0 0.0 0.00016674752 0.0 0.0 0.0 0.0 0.00032903958 0.0 0.0 
0.0 0.0 0.0 0.0 0.0015779311 0.0 0.0 0.0 0.0 0.0 0.0 0.0 0.0 0.0 0.0 0.0 0.0 0.0 0.0 0.0 0.0 0.0 0.0055915317 0.0 2.1650272e-05 0.0 0.0 0.0 0.005012236 0.0 0.0 0.0 0.0 0.0 0.0 0.0 0.0 0.0 0.0 4.728136 0.0 0.00027122014 6.654183e-05 0.0035912567 0.0 0.01680448 0.0 0.0 0.0 0.0 0.0 0.0 0.0 0.0 0.00017217075 0.0 0.0 0.0 0.0 0.0 0.0 0.0 0.0 0.0 
1.3071406e-05 0.0 0.0 0.0 0.00017574588 0.0 0.0 0.0 0.0 0.0 0.0 0.0 0.0 0.0 0.0 0.0 0.0 0.0 0.0 0.0 0.0 0.00077683694 0.042699628 0.0 0.0008989505 0.0 0.0 1.9184337e-05 0.045220856 0.0 0.0 0.0 7.225454e-05 0.0 0.0 0.0 0.0 0.0 0.0 1.2783457 0.0 0.0008188045 0.0005000431 0.02739926 0.0 0.0 0.0 0.0 0.0 0.0 0.0 0.0 0.0 0.0 0.005051571 0.0 0.0 0.0 0.022589188 0.0 0.0 0.0 0.0 0.0 
0.0049740113 0.00015069045 0.0 0.0 0.0073572514 0.0 0.0 0.0 0.0 0.0 0.001543796 0.0 0.004812341 0.0047735 0.0037324103 0.0 0.0 0.0 0.0 0.0 0.0 0.116267845 0.082992494 0.0 0.00246914 0.0022079994 0.0 0.00010207569 0.10915439 0.0016080623 0.0 0.0 0.056034476 0.0 0.0047926405 0.0 0.0 0.0 0.0 0.00156106 0.0 0.0006581636 0.0027358092 0.033001777 0.0 7.712449e-05 0.0 0.0 0.00036210442 0.0 0.0004166853 0.0 0.0015529125 0.0014716712 0.0010074386 0.0 0.0 0.00095331774 0.0037306524 0.0052537555 0.0 0.0 0.0052836435 0.0017767138 
0.008504652 0.00032842113 0.0 0.0 2.8659166e-05 0.0 0.0 0.0 0.0 0.0 0.24049744 0.0 0.015013947 0.031575482 0.00593345 0.0 0.0 0.0 0.0 0.0 0.0 0.0023798074 2.322991e-06 0.0 0.0014499058 0.00560481 0.0 0.0 2.825734e-07 0.003412032 0.0 0.0 8.761826e-05 0.0 0.030830372 0.0 0.0 0.0 0.0 0.0 0.0 6.218507e-05 0.0014687789 1.8385976e-05 0.0 0.0 0.0 0.0 0.0011523464 0.0 0.0007558985 0.0 0.002582491 0.0 0.0 0.0 0.0 0.0015651602 0.00073235156 0.07074749 0.0 0.0 0.07867015 0.0018126953 
0.00053200894 0.00047024243 0.0 0.0 0.0 0.0 0.0 0.0 0.0 0.0 0.025047947 0.0 0.000571488 0.0005522632 1.8883733e-05 0.0 3.7431844e-05 0.0 0.0 0.0 0.0 0.002215665 0.0 0.0 0.07281455 0.23042458 0.0 0.0 0.0 0.00604242 0.0 0.0 0.0 4.6610505e-05 0.000547028 0.0 0.0 0.0 0.0 0.0 0.0 0.00010136702 0.001542326 0.0 0.0 0.0 0.0 0.0 0.0001394275 0.0 0.0005151034 0.0 0.0035986856 0.0 0.0 0.0 0.0 0.0018100062 0.0 0.00062348694 0.0 0.0 0.0006151791 0.0 
0.00036035196 0.0 0.0 0.0 0.0 0.0 0.0 0.0 0.0 0.0 3.3382146 0.0 0.00036335058 0.00036308254 0.00013806904 0.0 0.0 0.0 0.0 0.0 0.0 0.0035649466 0.0 0.0 0.0 0.0047583072 0.0 0.0 0.0 0.0015240961 0.0 0.0 0.0 0.0 0.00036087853 0.0 0.0 0.0 0.0 0.0 0.0 0.0 0.0 0.0 0.0 0.0 0.0 0.0 0.0 0.0 7.0999165e-05 0.0 0.0011192955 0.0 0.0 0.0 0.0 0.0006411472 0.0 0.00037418518 0.0 0.0 0.00039271195 0.0 
8.138855e-05 0.0 0.0 0.00013376116 0.0 0.0 0.0 0.0 0.0 0.0 1.7027265 0.0 9.0027606e-05 8.7505425e-05 0.0 0.00012471648 0.0 0.0 0.0 0.0 0.0 0.016404504 0.0 0.0 0.0 0.0006915752 0.0 0.0 0.0 4.2157273e-05 0.0008296132 0.0 0.0 0.0 8.452982e-05 0.0 0.0 0.0 0.0 0.0 0.0 0.0 0.0 0.0 0.0 0.0 0.0 0.0 0.0 0.0 0.0 0.0 0.0 0.0 0.0 0.0 0.0 0.0 0.0 0.0097218575 0.002301766 0.00048169852 0.009802078 0.0 
0.0012355513 0.0 0.0 0.0 0.0 0.0 0.0 0.0 0.0 0.0 0.0 0.0 0.0002581327 0.0002608653 6.9010275e-05 0.0 0.0 0.0 0.0 0.0 0.0 2.5435405 0.0 0.0 0.0 0.0 0.0 0.0 0.0 0.0 0.10556931 0.0 0.0 0.0 0.0002607087 0.00011789646 0.0 0.0 0.0 0.0 0.0 0.0 0.0 0.0 0.0 0.0 0.0 0.0 0.0 0.0 0.0 0.0 0.0 0.0 0.0 0.0 0.0 0.0 0.0 0.00045271343 1.1242924 0.00011124814 0.0002677392 0.0 
0.00031448505 0.0 0.0 0.0 0.0 0.0 0.0 0.0 0.0 0.0 0.0 0.0 0.0002856907 0.00029056854 0.00012592015 6.408686e-05 0.0 0.0 0.0 0.0 0.0 16.300486 0.0 0.0 0.0 0.0 0.0 0.0 0.0 0.0 0.6883433 0.0 0.0 0.0 0.00029071083 7.1411494e-05 0.0 0.0 0.0 0.0 0.00040077034 0.0 0.0 0.0 0.0 0.0 0.0 0.0 0.0 0.0 0.0 0.0 0.0 0.0 0.0 0.0 0.0 0.0 1.434406 0.0002818285 3.0475605 0.0 0.00029629306 0.0016725466 
0.0 0.0 0.0 0.0 0.0 0.00061814283 0.0003757129 0.0 0.0 0.0 0.0032600844 0.0 0.0 0.0 0.0 0.0 0.0 0.00042813475 0.00063706 0.0 0.0 3.275136 0.0 0.0 0.0 0.0 0.0005192496 6.679678 0.0 0.0 0.004879946 0.0 0.0 0.0 0.0 0.0 0.0 0.0 0.0 0.0 0.0 0.0 0.0 0.0 0.0 0.0 0.0 0.0 0.0 0.0005351953 0.0 0.0 0.0 0.0 0.0 0.0 0.0 0.0 11.38799 0.0 0.054182097 0.0 0.0 0.8736241 
0.00028826194 0.0 0.0 0.0 0.0 0.0059399805 0.0 0.0 0.0 0.0 2.7806168 0.0 0.0002586248 0.000315435 5.9993257e-05 0.0 0.0 0.0 0.0 0.0 0.0 1.2666776 0.0 0.0 0.0 0.0 0.0 3.1055622 0.0 0.0 0.0 0.0 0.0 0.0 0.00015780452 0.0 0.0 0.0 0.0 0.0 0.0 0.0 0.0 0.0 0.0 0.0 0.0 0.00897102 0.0 0.0 0.0 0.0 0.0 0.0 0.0 0.0 0.0 0.0 4.1987147 0.0003125139 0.0 0.0 0.00033609295 0.018385524 
0.0 0.0 0.0 0.0 0.11299672 0.0 0.0 0.0 0.0 0.0 0.0 0.0 0.0 0.0 0.0 0.0 0.0 0.0 0.051028684 0.21556999 0.0 0.0 0.31422433 0.0 0.0 0.0 0.00023125134 0.0 0.3656808 0.0 0.0 0.0 0.24529031 0.0 0.0 0.0 0.0 0.0 0.3843137 0.15744758 0.0 0.0 0.0 0.9402772 0.0 0.0 0.0 0.0 0.010244781 0.0 0.00045670973 0.0 0.000514901 0.35603452 0.0 0.0 0.0 0.00013886097 0.0 0.0 0.0 0.0 0.0 0.0 
0.0 0.0 0.0 0.014168774 0.002742132 0.0 0.0 0.0 0.0 0.0 0.0 1.7954975 0.0 0.0 0.0 0.0 0.0 0.0 0.0 0.0 0.0 0.0 0.0024838757 0.5401034 0.004937192 0.0 0.0 0.0 0.0024792177 0.0 0.01407374 0.0 0.0024529172 0.0 0.0 0.0 0.0 0.0 0.0 0.0008879061 0.0 0.0714973 0.006086946 0.0016385639 0.0 1.1167015 0.27027127 0.0 0.0009103904 0.0 0.00049094524 0.33025545 0.0 0.00161922 0.0008282817 0.0 0.06590156 0.0 0.0 0.0 8.690781e-05 0.0060217865 0.0 0.0 
0.0 0.0 0.0 0.005616425 0.06440449 0.0 0.0 0.0 0.0 0.0 0.0 0.0154121155 0.0 0.0 0.0 0.0 0.0 0.0 0.0 0.0 0.0 0.0 0.018753236 0.008354852 8.51127e-05 0.0 0.0 0.0 0.018327821 0.0 0.010042702 0.0 0.01300586 0.0 0.0 0.0 0.0 0.0 0.0 0.00023327245 0.0 0.00015083746 2.1722017e-05 1.1532665 0.0 0.39345208 0.0076337527 0.0 0.0 0.0 0.0 0.0058989087 0.0 0.012119748 0.00058568735 0.0 0.0 0.0 0.0 0.0 0.046269145 0.0 0.0 0.0 
0.0 0.0 0.0 0.0 1.921356e-05 0.0 0.0 0.0 0.0 0.0 0.0 0.002471515 0.0 0.0 0.0 0.0 0.0 0.0 0.0 0.0 0.0 0.0 6.7677597e-06 0.0 6.587397e-05 0.0 0.0 0.0 4.8240768e-06 0.0 0.0 0.0 0.0 0.0 0.0 0.0 0.0 0.0 0.0 0.0 0.0 0.00016123247 2.7673159e-05 0.01692494 0.0 0.68708587 0.0 0.0 0.0 0.0 0.0 0.0 0.0 0.0 3.1008487 0.0 0.0 0.0 0.0 0.0 0.0 0.0 0.0 0.0 
0.0 0.0 0.0 5.7557772e-05 0.0 0.0 0.0 0.0 0.0 0.0 0.0 0.0 0.0 0.0 0.0 0.0 0.0 0.0 0.0 0.0 0.0 0.0 0.0 0.0 0.0001236804 0.0 0.0 0.0 0.0 0.0 0.0 0.0 0.0 0.0 0.0 0.0 0.0 0.0 0.0 0.3388119 0.0 0.00016996081 0.00012374487 0.0 0.0 0.0 0.0 0.0 0.0 3.6401714e-05 0.0 0.0 0.0 0.0 0.6933901 0.0 0.0 0.0 0.0 0.0 0.0 5.5079e-05 0.0 0.0 
0.0009979669 0.0 0.0 0.0 0.0 0.0 0.0 0.0 0.0 0.0 0.0 0.0 0.000998143 0.0009796252 0.0011647358 0.0 0.0 0.0 0.0 0.0 0.0 0.0 0.0 0.0 0.0 0.0 0.0 0.0 0.0 0.0 0.0 0.0 0.0 0.0 0.0009747305 0.0 0.0 0.0 0.0 0.0 0.0 0.0 0.0 0.0 0.0 0.0 0.0 0.0 0.0 0.0 0.0 0.0 0.0 0.0 1.3275914 0.0 0.0 0.0 0.0 0.0009899344 0.0 0.0 0.0010333414 0.0 
0.0018556667 2.4521742e-05 0.0 0.0 0.0 0.0 0.0 0.0 0.0 0.0 0.0 0.0 0.0015764318 0.0016547841 0.0023883318 0.0 0.0 0.0 0.0 0.0 0.0 0.17136559 0.0 0.0 0.0 0.00045226797 0.0 0.0 0.0 0.0004713148 0.0 0.0 0.0 0.0 0.001668179 0.0 0.0 0.0 0.0 0.0 0.0 0.0 0.0 0.0 0.0 0.0 0.0 0.0 0.0 0.0 0.0 0.0 0.00047217158 0.0 0.0030551788 0.0 0.0 0.00018191106 0.0031799243 0.0019117891 0.0 0.0 0.0018605504 0.0 
0.0005546391 0.0 0.0 0.0 0.0 0.0 0.0 0.0 0.0 0.0 0.0 0.0 0.0005511467 0.00054110226 0.0003803318 0.0 0.0 0.0 0.0 0.0 0.0 0.0032094768 0.0 0.0 0.0 0.0005520849 0.0 0.00022367641 0.0 0.0005622591 0.0 0.0 0.0 0.0 0.00052907167 0.0 0.0 0.0 0.0 0.0 0.0 0.0 0.0 0.0 0.0 0.0 0.0 0.0 0.0 0.0 0.0 0.0 0.0004266754 0.0 0.0 0.0 0.0 9.516656e-05 0.0021662756 0.0005660958 0.0 0.0 0.0005502433 0.0 
0.0 0.0 0.0 0.0 0.0 0.0 0.0 0.0 0.0 0.9479325 0.00028895878 0.0 0.0 0.0 0.0 0.0 0.0 0.0 0.0 0.0 0.0 0.00014890001 0.0 0.0 3.7714202e-05 0.0008870421 0.0 0.00017704681 0.0 0.00084845605 0.0 0.0 0.0 2.3959556e-05 0.0 0.0 0.0 0.0 0.0 0.0 0.0 1.5838072e-05 0.0 0.0 0.0 0.0 0.0 0.0 0.0 0.0 0.0 0.0 0.0004908741 0.0 0.0 0.0 0.0 0.00023565291 0.0010270334 0.0 0.0 0.0 0.0 0.0 
0.0 0.0 0.0 0.0 0.0 0.0 0.0 0.0 0.0 0.002574646 0.47425178 0.0 0.0 0.0 0.0 0.0 0.0 0.0 0.0 0.0 0.0 0.0 0.0 0.0 4.2697884e-05 0.13447838 0.0 0.0 0.0 0.0026295504 0.0 0.0 0.0 4.907225e-05 0.0 0.0 0.0 0.0 0.0 0.0 0.0 0.0 0.0 0.0 0.0 0.0 0.0 0.0 0.0 0.0 0.0 0.0 0.0007841245 0.0 0.0 0.0 0.0 0.000394857 0.0 0.0 0.0 0.0 0.0 0.0 
0.0 0.0 0.0 0.0 0.0 0.0 0.0 0.0 0.0 0.0 0.027567951 0.0 0.0 0.0 0.0 0.0 0.0 0.0 0.0 0.0 0.0 0.0 0.0 0.0 0.0 0.16171639 0.0 0.0 0.0 0.002114645 0.0 0.0 0.0 0.0 0.0 0.0 0.0 0.0 0.0 0.0 0.0 0.0 0.0 0.0 0.0 0.0 0.0 0.0 0.0 0.0 0.0 0.0 0.00071039656 0.0 0.0 0.0 0.0 0.00038912045 0.0 0.0 0.0 0.0 0.0 0.0 
0.0 0.0 0.0 0.0 0.0 0.0 0.0 0.0 0.0 0.0 0.0038767091 0.0 0.0 0.0 0.0021938307 0.0 0.0 0.0 0.0 0.0 0.0 0.0 0.0 0.0 0.0 0.00097325037 0.0 0.0 0.0 0.00074975693 0.0 0.0 0.0 0.0 0.0 0.0 0.0 0.0 0.0 0.0 0.0 0.0 0.0 0.0 0.0 0.0 0.0 0.0 0.0 0.0 0.0 0.0 8.73086e-05 0.0 0.0 0.0 0.0 0.0 0.0 0.0 0.00029976654 0.0 0.0 0.0 
0.00022021023 0.0 0.0 0.0 0.0 0.0 0.0 0.0 0.0 0.0 0.0 0.0 0.00022470708 0.00022956928 0.00017690413 0.0 0.0 0.0 0.0 0.0 0.0 0.0 0.0 0.0 0.0 0.0 0.0 0.0 0.0 0.0 0.0 0.0 0.0 0.0 0.00022637377 0.0 0.0 0.0 0.0 0.0 0.0 0.0 0.0 0.0 0.0 0.0 0.0 0.0 0.0 0.0 0.0 0.0 0.0 0.0 0.0 0.0 0.0 0.0 0.0 0.00021525263 0.0 0.0 0.00022353421 0.0 
0.0002446142 0.0 0.0 0.0 0.0 0.0 0.0 0.0 0.0 0.0 0.0010198551 0.0 0.00022247156 0.00022409899 0.00014233845 0.0 0.0 0.0 0.0 0.0 0.0 20.357676 0.0 0.0 0.0 0.0 0.0 0.0 0.0 0.0 0.0 0.0 0.0 0.0 0.00022279282 0.0 0.0 0.0 0.0 0.0 0.00029064747 0.0 0.0 0.0 0.0 0.0 0.0 0.0 0.0 0.0 0.0 0.0 0.0 0.0 0.0 0.0 0.0 0.0 0.43454757 0.00021382724 0.66453296 0.0 0.00022459537 0.0031133485 
0.0 0.0 0.0 0.0 0.0 0.002932079 0.0003816996 0.0 0.0 0.0 0.009790935 0.0 0.0 0.0 0.0 0.0 0.0 0.0018975283 0.0029787803 0.0 0.0 7.621099 0.0 0.0 0.0 0.0 0.0021089006 9.9831505 0.0 0.0 0.0008073661 0.0 0.0 0.0 0.0 0.0 0.0 0.0 0.0 0.0 0.0 0.0 0.0 0.0 0.0 0.0 0.0 0.0 0.0 0.002015858 0.0 0.0 0.0 0.0 0.0 0.0 0.0 0.0 15.572925 0.0 0.07400503 0.0 0.0 1.3230779 
0.0004978896 0.0 0.0 0.0 0.0 0.012190242 0.0133732455 0.0 0.0 0.0 5.5256767 0.0 0.00043107098 0.0004543572 0.0 0.0 0.0 0.013611759 0.015275502 0.0 0.0 0.017419806 0.0 0.0 0.0 0.0 0.0108158905 0.8253393 0.0 0.0 0.0 0.0 0.0 0.0 0.00033666237 0.0 0.0 0.0 0.0 0.0 0.0 0.0 0.0 0.0 0.0 0.0 0.0 0.0137688285 0.0 0.009341512 0.0 0.0 0.0 0.0 0.0 0.0 0.0 0.0 1.0881312 0.00044814716 0.0049324282 0.0 0.00047279452 0.0 
0.0 0.0 0.0 0.0 0.0 0.0 0.0 0.0 0.0 0.0 0.0 1.3571286 0.0 0.0 0.0 0.0 0.0 0.0 0.0065622292 0.0 0.0 0.0 0.0014202163 1.4638081 0.0 0.0 0.00048098413 0.0 0.0018418587 0.0 0.0 0.0 0.0 0.0 0.0 0.0 0.0 0.0 0.0 0.0 0.0 0.0 0.0 0.026777938 0.0 0.0 0.98337483 0.0 0.0 0.0 0.0 1.3828421 0.0007249857 0.0073087644 1.3773088 0.056195363 0.0 9.167999e-05 0.0 0.0 0.0 0.0 0.0 0.0 
0.0 0.0 0.0 0.0 0.0012347571 0.0 0.0 0.0 0.0 0.0 0.0 3.419535 0.0 0.0 0.0 0.0 0.0 0.0 0.0 0.0 0.0 0.0 0.00020919327 2.9727774 0.0 0.0 0.0 0.0 0.00018071542 0.0 0.0 0.0 0.0 0.0 0.0 0.0 0.0 0.0 0.0 0.0 0.0 0.0 0.0 7.746726e-05 0.0 0.0 0.65908045 0.0 0.0 0.0 0.0 2.7576747 0.0 0.0 0.3842772 0.00014225434 0.0 0.0 0.0 0.0 0.0 0.0 0.0 0.0 
0.0017077379 0.0 0.0 0.0010290777 0.0008843714 0.0 0.0 0.0 0.0 0.0 0.0 0.4366736 0.0015337038 0.0014770846 0.00037572236 0.00056512136 0.0 0.0 0.0 0.0 0.0015435009 0.0 0.00064053794 0.010916686 0.0 0.0 0.0 0.0 0.0006349865 0.0 0.0010206596 0.0 0.0006920486 0.0 0.0015490002 0.0006105718 0.0 0.0 0.0 0.0001055768 0.0 0.0 0.0 0.48837593 0.0 0.55620885 0.010419958 0.0 0.0 0.0 0.0 0.009847617 0.0 0.00051111134 3.415578 0.0 0.0 0.0 0.0 0.0015645971 0.23831558 0.00018950464 0.0017200691 0.0 
0.0010278585 0.0 0.0 0.0 0.0 0.00041340388 0.00029783498 0.0 0.0 0.0 0.0 0.0025405143 0.0011192192 0.00110631 0.00090589566 0.0 0.0 0.00021480847 0.0002926752 0.0 0.0 0.0 0.0 0.0 0.0 0.0 0.0003297619 0.0 0.0 0.0 0.0 0.0 0.0 0.0 0.0011001325 0.0 0.0 0.0 0.0 0.0 0.0004504055 0.0 0.0 0.0 0.0 0.0065102954 0.00042499774 0.0 0.0 0.0004979001 0.0 0.0 0.0 0.0 12.547553 0.0 0.0 0.0 0.0 0.0011146148 0.0032592725 0.0 0.0012145365 0.0 
0.0014207755 0.0 0.0 0.0 0.0 0.0 0.0 0.0 0.0 0.0 0.0 0.0 0.0015379245 0.001500552 0.0013380222 0.0 0.0 0.0 0.0 0.0 0.0 0.00014149088 0.0 0.0 0.0 0.0 0.0 0.0 0.0 0.0 0.0 0.0 0.0 0.0 0.0014975214 0.0 0.0 0.0 0.0 0.0 0.0 0.0 0.0 0.0 0.0 0.0 0.0 0.0 0.0 0.0 0.0 0.0 0.0 0.0 0.0011801654 0.0 0.0 0.0 0.0 0.0015110794 0.0 0.0 0.0016136856 0.0 
0.0071644452 7.6138936e-06 0.0 0.0 0.0 0.0 0.0 0.0 0.0 0.0 0.0 0.0 0.007033351 0.0071631516 0.00918272 0.0 0.0 0.0 0.0 0.0 0.0 0.4881646 0.0 0.0 0.0 0.00011270622 0.0 0.0 0.0 0.00031475225 0.0 0.0 0.0 0.0 0.0071942536 0.0 0.0 0.0 0.0 0.0 0.0 0.0 0.0 0.0 0.0 0.0 0.0 0.0 0.0 0.0 0.0 0.0 0.00022948683 0.0 0.0 0.0 0.0 7.045911e-05 0.0 0.0073197056 0.0 0.0 0.007712549 0.0 
0.002707161 0.00031510938 0.0 0.0 0.0 0.00012990164 0.0 0.0 0.0 0.0 0.0001866026 0.0003470926 0.025760364 0.060038038 0.23057707 0.0 0.0 4.826011e-05 0.0 0.0 0.0 0.729164 0.0 6.6654975e-05 0.0 0.0010718773 0.0 0.0008183718 0.0 0.0012774449 0.0 0.0 0.0 0.0 0.05918867 0.0 0.0 0.0 0.0 0.0 0.0 0.0 0.0 0.0 0.0 0.0 0.00012279277 0.0 0.0 0.0 0.0 0.0 0.0012171797 0.0 0.0 0.0 0.0 0.0006261351 0.002312512 0.07383786 0.0 0.0 0.08441142 0.0020196082 
0.0 4.2111536e-05 0.0 0.0 0.0 0.0024457695 0.0003826975 0.0 0.0 0.0 0.0010662347 0.00037179445 0.0 0.0 0.0 0.0 0.0 0.0021299836 0.0019441216 0.0 0.0 0.0020081794 0.0 0.014242686 0.0 0.00055783486 0.0 0.0030378075 0.0 0.09176619 0.0 0.0 0.0 0.0 0.0 0.0 0.0 0.0 0.0 0.0 0.0 0.0 0.0 0.0 0.0 0.0 0.0002718495 0.039225806 0.0 0.0 0.0 0.0 0.00044811607 0.0 0.0 0.0 0.0 0.00024537285 0.0035247467 0.0 0.0 0.0 0.0 0.0011727088 
0.0 0.0 9.8487464e-05 0.0 0.0 0.0 0.0 0.0 8.273264e-05 0.0 0.0027398989 0.0 0.0 0.0 0.0 0.0 0.0 0.0 0.0 0.0 0.0 0.0 0.0 0.0 0.0 0.00013887235 0.0 0.0020985277 0.0 0.00015161502 0.0 8.327636e-05 0.0 0.0 0.0 0.0 7.519775e-05 0.0 7.382764e-05 0.0 0.0 0.0 0.0 0.0 0.0 0.0 0.011446219 0.0 0.0 0.0 0.0 0.0 4.307806e-05 0.0 0.0 0.0 0.0 0.0 0.0014511828 0.0 0.0 0.0 0.0 0.0 
0.0 0.0 0.0 0.0 0.0 0.0 0.0 0.0 0.0 0.0 0.0011740832 0.26813513 0.0 0.0 0.0 0.0 0.0 0.0 0.0 0.0 0.0 0.0 0.0 0.0 0.000256107 0.0004995572 0.0 0.0 0.0 0.00051320833 0.0 0.0 0.0 0.0 0.0 0.0 0.0 0.0 0.0 0.0 0.0 0.13141206 0.0 0.0 0.0 0.0 0.97599244 0.0 0.0 0.0 0.0 0.0 0.0003550267 0.0 0.0 0.0 2.9186545e-05 0.00012297052 0.0 0.0 0.0 0.0 0.0 0.0 
0.0 3.3802822e-05 0.0 0.0014016932 0.0 0.0 0.0 0.0 0.0 0.0 0.0 0.0 0.0 0.0 0.0 0.0015141924 0.0 0.0 0.0 0.0 7.64843e-06 0.0 0.0 0.0 0.0 0.00042005026 0.0 0.0 0.0 0.00052097085 0.002286214 0.0 0.0 0.0 0.0 0.0 0.0 0.0 0.0 0.0 0.0 0.7898056 0.0 0.0 0.0 0.0 0.0 0.0 0.0 0.0 0.0 0.0 0.0003201451 0.0 0.0 0.0 0.0 0.0 0.0 0.0 0.009385873 0.003512421 0.0 0.0 
0.0003049203 0.00063978916 0.0 0.0 0.0 0.0 0.0 0.0 0.0 0.0 0.0 0.0 0.0005054077 0.0005155668 0.7551517 0.0 0.0 0.0 0.0 0.0 0.0 0.0 0.0 0.0 0.0 0.0014018861 0.0 0.0 0.0 0.26384625 0.0 0.0 0.0 0.0 0.00050059875 0.0 0.0 0.0 0.0 0.0 0.0 0.0 0.0 0.0 0.0 0.0 0.0 0.0 0.0 0.0 0.0 0.0 0.0010084162 0.0 0.0 0.0 0.0 0.0004367678 0.0 0.00048825977 0.00034336647 0.0 0.00046710676 0.0 
0.00020698259 0.0 0.0 0.0 0.0 0.0 0.0 0.0 0.0 0.0 5.612214e-05 0.0 0.00021945909 0.0002214865 1.0081766 0.0 0.0 0.0 0.0 0.0 0.0 0.0 0.0 0.0 0.0 0.0010291788 0.0 0.0 0.0 0.0013050892 0.0 0.0 0.0 0.0 0.00021919959 0.0 0.0 0.0 0.0 0.0 0.0 0.0 0.0 0.0 0.0 0.0 0.0 0.0 0.0 0.0 0.0 0.0 0.00016950264 0.0 0.0 0.0 0.0 0.0 0.0 0.00021012145 0.0 0.0 0.00022231182 0.0 
1.891473e-05 0.0 0.0 0.0 0.0 0.0 0.0 0.0 0.0 0.0 0.0052083516 0.0 0.028722765 0.054944642 1.1750795 0.0 0.0 0.0 0.0 0.0 0.0 16.064228 0.0 0.0 0.0 0.0017771344 0.0 0.0 0.0 0.0016787755 0.0 0.0 0.0 0.0 0.05667956 0.0 0.0 0.0 0.0 0.0 0.0 0.0 0.0 0.0 0.0 0.0 0.0 0.0 0.0 0.0 0.0 0.0 0.00053223834 0.0 0.0 0.0 0.0 0.00014137926 0.0 0.04249945 0.0021313 0.0 0.03944411 0.0 
0.0 0.0 0.0 0.0 0.0 0.0 0.0 0.0 0.0 0.0 8.426281 0.0 0.0 0.0 0.0 0.0 0.0 0.0 0.0 0.0 0.0 6.7183213 0.0 0.0 0.0 0.0 0.0 5.40563 0.0 0.0 0.0 0.0 0.0 0.0 0.0 0.0 0.0 0.0 0.0 0.0 0.0 0.0 0.0 0.0 0.0 0.0 0.0 0.0 0.0 0.0 0.0 0.0 0.0 0.0 0.0 0.0 0.0 0.0 11.482214 0.0 0.0017166554 0.0 0.0 0.66791844 
0.004017152 0.0 0.0 0.0 0.0 0.009861971 0.008986529 0.0 0.0 0.0 4.348883 0.0 0.0023047077 0.0028159078 0.005587693 0.0 0.0 0.010772054 0.0119513115 0.0 0.0 0.047361877 0.0 0.0029002738 0.0 0.0 0.007769164 0.801068 0.0 0.0 0.0 0.0 0.0 0.0 0.0026577304 0.0 0.0 0.0 0.0 0.0 0.0 0.0 0.0 0.0 0.0 0.0 0.0 0.012317769 0.0 0.0048467084 0.0 0.0 0.0 0.0 0.0 0.0 0.0 0.0 1.1594671 0.0059733447 0.00047892556 0.0 0.006530395 0.0 
0.0 0.0 0.0 0.0 0.0 0.0 0.0 0.0 0.0 0.0 0.0 3.959324 0.0 0.0 0.0 0.0 0.0 0.0 0.0 0.0 0.0 0.0 0.0 3.801963 0.0 0.0 0.0 0.0 0.0 6.270096e-05 0.0 0.0 0.0 0.0 0.0 0.0 0.0 0.000227854 0.0 0.0 0.0 0.0 0.0 0.0 0.0 0.0 3.6244955 0.0 0.0 0.0 0.0 3.8784356 0.020492043 0.0 2.3624902 0.892888 0.0 0.033619553 0.0 0.0 0.0 0.0 0.0 0.0 
0.0 0.0 0.0 0.0 0.00023432453 0.0 0.0 0.0 0.0 0.0 0.0 3.082133 0.0 0.0 0.0 0.0 0.0 0.0 0.0 0.0 0.0 0.0 0.00016457758 1.8464925 0.0 0.0 0.0 0.0 0.00016046844 0.0 0.0 0.0 5.5403823e-05 0.0 0.0 0.0 0.0 0.0 0.0 0.0 0.0 0.0 0.0 0.0 0.0 0.0 0.84520173 0.0 0.0 0.0 0.0 2.3022037 0.0 0.00025349666 1.8192552 0.0 0.0 0.0 0.0 0.0 0.6687322 0.0 0.0 0.0 
0.0054966444 0.0 0.0 3.12964e-05 0.0 0.0 0.0 0.0 0.0 0.0 0.0 0.43360046 0.005675159 0.005630983 0.005387096 0.0 0.0 0.0 0.0 0.0 0.00035264497 0.0 0.0 0.0058668843 0.0 0.0 0.0 0.0 0.0 0.0 5.618324e-06 0.0 0.0 0.0 0.0057063624 3.7665435e-05 0.0 0.0 0.0 0.0 0.0035194766 0.0 0.0 0.0 0.0 0.09384069 0.0072068037 0.0 0.0 0.0 0.0 0.00641164 0.0 0.0 12.433585 0.004768505 0.0 0.0 0.0 0.005695626 0.36159283 0.0 0.0062087458 0.0005156403 
0.0006893844 0.0 0.0 0.0 0.0 0.0020950753 0.0010587062 0.0 0.0 0.0 0.0 0.0 0.00076853053 0.00076771626 0.0010090675 0.0 0.0 0.0010804699 0.0012779187 0.0 0.0 0.009758726 0.0 0.0 0.0 0.0 0.001123956 0.0 0.0 0.0 0.0 0.0 0.0 0.0 0.0007644336 0.0 0.0 0.0 0.0 0.0 0.00025542584 0.0 0.0 0.0 0.0 0.0 0.0 3.7800706e-05 0.0 0.0015319517 0.0 0.0 0.0 0.0 0.0 0.0 0.0 0.0 0.0 0.000769424 0.0 0.0 0.00082228763 0.0 
0.00035099004 0.0 0.0 0.0 0.0 0.00091200037 0.0 0.0 0.0 0.0 0.0 0.0 0.00036666868 0.00037261585 0.0003846595 0.0 0.0 0.00025568204 0.0 0.0 0.0 0.2896656 0.0 0.0 0.0 0.0 0.0 0.0 0.0 0.0 0.0 0.0 0.0 0.0 0.00037134349 0.0 0.0 0.0 0.0 0.0 0.0 0.0 0.0 0.0 0.0 0.0 0.0 0.0 0.0 0.0 0.0 0.0 0.0 0.0 0.0 0.0 0.0 0.0 0.0 0.000360578 0.0 0.0 0.00038217704 0.0 
0.00097101607 0.0002796818 0.0 0.0 0.0 0.0011561293 0.0 0.0 0.0 0.0 0.00025065657 0.0 0.0010276361 0.0012420227 0.0037046506 0.0 0.0 0.0008152016 0.00037267277 0.0 0.0 0.1880945 0.0 0.0 0.0 0.0014275971 0.0 0.0 0.0 0.001919279 0.0 0.0 0.0 0.0 0.0012458491 0.0 0.0 0.0 0.0 0.0 0.0 0.0 0.0 0.0 4.9796854e-05 0.0 0.0 0.00037915588 0.0 0.0 0.0 0.0 0.0019594217 0.0 0.0 0.0 0.0 0.00094363187 0.00064021815 0.0013308894 0.0 0.0 0.0012350659 0.00033102976 
0.003229429 9.1972586e-05 0.0 0.0 0.0 0.0 0.0 0.0 0.0 0.0 0.00017663949 0.0 0.0058392766 0.006187125 0.01973216 0.0 0.0 0.0 0.0 0.0 0.0 0.0035966374 0.0 0.0 0.0 0.0006349113 0.0 0.007974172 0.0 0.040637735 0.0023404306 0.0 0.0 0.0 0.0061538233 0.0 0.0 0.0 0.0 0.0 0.0 0.0 0.0 0.0 0.0 0.0 0.0 0.63599706 0.0 0.0 0.0 0.0 0.0033031486 0.0 0.0 0.0 0.0 0.0004008733 0.011752512 0.006765862 0.0032991988 0.005100206 0.006782553 0.25096196 
0.0 0.0 0.0 0.0 0.0 0.0010325698 0.0 0.0 0.0 0.0 0.0 0.0 0.0 0.0 0.0 0.0 0.0 0.00055051094 0.00015911995 0.0 0.0 0.0 0.0 0.0 0.0 0.0 0.0 0.66976833 0.0 0.0 0.0 0.0 0.0 0.0 0.0 0.0 0.0 0.0 0.0 0.0 0.0 0.0 0.0 0.0 0.0 0.0 0.0 0.70845044 0.0 0.0 0.0 0.0 0.0 0.0 0.0 0.0 0.0 0.0 0.0013615906 0.0 0.0 0.0 0.0 0.07364745 
0.0 0.0 0.78798896 0.0 0.0 0.0 0.0 0.0010954561 0.4737338 0.0 0.0 0.0 0.0 0.0 0.0 0.0 0.0 0.0 0.0 1.7341702 0.0 0.0 0.0039011948 0.0 0.0 0.0 0.0 0.0 0.0036396596 0.0 0.0 0.50039315 0.0 0.0 0.0 0.0 0.4766526 0.0 0.24389207 0.0 0.0 8.841127e-05 0.0 0.0 0.0 0.0 0.0 0.0 0.0 0.0 0.0 0.0 0.0 0.1710516 0.0 0.0 0.0 0.0 0.0 0.0 0.0 0.0 0.0 0.0 
0.0 0.0 0.0 0.0037995914 0.0 0.0 0.0 0.0 0.0 0.0 0.0 0.0005890842 0.0 0.0 0.0 0.002349609 0.0 0.0 0.0 0.0 0.0 0.0 0.0 0.0 0.0 0.0 0.0 0.0 0.0 0.0 0.0033001043 0.0 0.0 0.0 0.0 0.0 0.0 0.0 0.0 0.0 0.0 0.00011528148 0.0 0.0 0.0 0.0 0.00150216 0.0 0.0 0.0 0.0 0.0 0.0 0.11533312 0.0 0.0 0.0 0.0 0.0 0.0 1.769391 0.0064218533 0.0 0.0 
0.0064728353 0.0 0.0 0.016138911 0.0 0.0 0.0 0.0 0.0 5.133559e-05 0.0 0.0 0.10642705 0.18308046 0.0017239745 0.030972749 0.0 0.0 0.0 0.0 0.0003874338 0.0 0.0 0.0 0.0 0.0 0.0 0.0 0.0 0.0 0.004085038 0.0 0.0 0.00011051851 0.17984939 0.00050880515 0.0 0.0 0.0 0.0 0.0 0.00044621236 0.0 0.0 0.0 0.0 0.0 0.0 0.0 0.0 0.0 0.0 0.0 0.0 0.0 0.0 0.0 0.0 0.0 0.1613604 1.0685334 0.014984142 0.2340587 0.0 
0.0013452232 1.0778223 0.0 0.0 0.0 0.0 0.0 0.0 0.0 0.0 0.0 0.0 0.0019972294 0.0021602437 0.0033372464 0.0 0.0 0.0 0.0 0.0 0.0 0.0 0.0 0.0 0.0 0.00035964863 0.0 0.0 0.0 0.0007785962 0.0 0.0 0.0 0.0 0.0021603894 0.0 0.0 0.0 0.0 0.0 0.0001262805 0.0 0.0 0.0 0.0 0.0 0.0 0.0 0.0 0.0 0.0 0.0 0.00096155074 0.0 0.0 0.0 0.0 0.00018248797 0.0 0.0022148006 0.0 0.0 0.0023069473 0.0 
8.821938e-05 1.3239884 0.0 0.0 0.0 0.0 0.0 0.0 0.0 0.0 0.0002830738 0.0 0.000103544764 0.000103707665 0.00019929308 0.0 0.0 0.0 0.0 0.0 0.0 0.0 0.0 0.0 0.0 0.0014151701 0.0 0.0 0.0 0.0021951112 0.0 0.0 0.0 0.0 0.00010133202 0.0 0.0 0.0 0.0 0.0 0.0 0.0 0.0 0.0 0.0 0.0 0.0 0.0 0.0 0.0 0.0 0.0 0.001681663 0.0 0.0 0.0 0.0 0.0006304422 0.0 9.660853e-05 0.0 0.0 0.00010576124 0.0 
0.0 12.088551 0.0 0.0 0.0 0.000502179 7.3919495e-05 0.0 0.0 0.0 0.005734618 0.0005111829 0.0 0.0 0.35531354 0.0 0.0 6.9454727e-06 0.0 0.0 0.0 0.0017768311 0.0 0.00011048518 0.0 0.0033517797 0.0 0.0 0.0 0.67377746 0.0 0.0 0.0 0.0 0.0 0.0 0.0 0.0 0.0 0.0 0.0 0.0 0.0 0.0 0.0 0.0 0.0003518052 0.00034947429 0.0 0.0007520423 0.6345584 0.0 0.0027451743 0.0 0.0 0.0 0.0 0.0022726057 0.0 0.0 0.0 0.0 0.0 0.0 
0.037868965 0.0 0.0 0.0 0.0 0.0 0.0 0.0 0.0 0.0 10.057059 0.0 0.18114007 0.26617673 1.2319144 0.0 0.0 0.0 0.0 0.0 0.0 9.019502 0.0 0.0 0.0 0.0 0.0 0.0 0.0 0.00023475663 0.0 0.0 0.0 0.0 0.263685 0.0 0.0 0.0 0.0 0.0 0.0 0.0 0.0 0.0 0.0 0.0 0.0 0.0 0.0 0.0 0.0 0.0 0.0 0.0 0.0 0.0 0.0 0.0 0.0 0.11122564 0.0 0.0 0.040828004 0.0 
0.023530174 0.008287733 0.0030658022 0.0 0.0 0.019523147 0.020280238 0.0028719013 0.003292614 0.0 2.6652968 0.0 0.04992507 0.22845343 0.44158408 0.0 0.0 0.020703597 0.022533037 0.0001578474 0.0 0.0 0.0 0.0 0.0 0.0 0.017943114 0.9996263 0.0 0.0 0.0 0.0033156865 0.0 0.0 0.19492239 0.0 0.0033232977 0.0 0.0028537528 0.0 0.0038858037 0.0 0.0 0.0 0.0 0.0 0.0 0.022937676 0.0 0.01571358 0.0 0.0 0.0 0.0 0.0 0.0 0.0 0.0 0.9790952 0.14210059 0.0 0.0 0.045000605 0.7992838 
0.0 0.0 0.0 0.77539533 0.0 0.0 0.0 0.0 0.0 0.0 0.0 1.0973997 0.0 0.0 0.0 0.17632169 0.0 0.0 0.0 0.0 0.2641367 0.0 0.0 0.48654503 0.0 0.0 0.0 0.0 0.0 7.6822005e-05 1.1157763 0.0 0.0 0.0 0.0 0.121833146 0.0 0.0 0.0 0.0 0.0 0.0 0.0 0.0 0.0 0.0 0.20889013 0.0 0.0 0.0 0.0 0.5799716 0.005996365 0.0 0.8136967 0.004997296 0.0 0.0009770171 0.0 0.0 1.2536721 0.62625676 0.25404784 0.0 
0.0 0.0 0.0 0.0 0.0 0.0 0.0 0.0 0.0 0.0 0.000533136 2.632882 0.0 0.0 0.0 0.0 0.0 0.0 0.0 0.0 0.0 0.00040701902 0.0 0.5449179 0.0 0.0 0.0 0.0 0.0 0.0 0.0 0.0 0.0 0.0 0.0 0.0 0.0 0.0 0.0 0.0 0.0 0.0 0.0 0.0 0.0 0.28815278 0.29796115 0.0 0.0 0.0 0.0 1.5628151 0.0 0.0 4.544373 0.015655488 0.0 0.0 0.00052583753 0.0 0.00016698444 0.0 0.0 0.0 
0.00083868136 0.0 0.0 0.0 0.0 0.0 0.0 0.0 0.0 0.001100986 0.0008590499 0.0069909315 0.0008725766 0.0008666996 0.0018545217 0.0 0.0 0.0 0.0 0.0 0.0 0.00056065444 0.0 8.4873995e-05 0.0 0.0 0.0 0.0 0.0 0.0 0.0 0.0 0.0 0.0020446307 0.00086661894 0.0 0.0 0.0 0.0 0.0 0.0024116507 0.0 0.0 0.0 0.0 0.0 0.0025295108 0.0 0.0 0.0 0.0 0.0035620814 0.0 0.0 8.494656 1.1852546 0.0 0.0 0.0 0.0008698954 0.0009786437 0.0 0.0009293069 0.0 
0.0 0.0 0.0 0.0 0.0 0.0028319512 0.0016225806 0.0 0.0 0.0 0.0 0.0 0.0 0.0 0.0 0.0 0.0 0.0015203846 0.0015536092 0.0 0.0 0.00747038 0.0 0.0 0.0 0.0 0.0013597944 0.0 0.0 0.0 0.0 0.0 0.0 0.0 0.0 0.0 0.0 0.0 0.0 0.0 0.0 0.0 0.0 0.0 0.0 0.0 0.0 0.0010668768 0.0 0.0019217868 0.0 0.0 0.0 0.0 0.0 0.0 0.0 0.0 0.0 0.0 0.0 0.0 0.0 0.0 
0.0 0.0 0.0 0.0 0.0 0.0 0.0 0.0 0.0 0.0017408219 0.0 0.0 0.0 0.0 0.0 0.0 0.0 0.0 0.0 0.0 0.0 0.0036319906 0.0 0.0 0.0 0.00043990684 0.0 0.0 0.0 0.00057821476 0.0 0.0 0.0 0.0 0.0 0.0 0.0 0.0 0.0 0.0 0.0 0.0 0.0 0.0 0.0009624753 0.0 0.0 0.0 0.0 0.0 0.0 0.0 0.00043458134 0.0 0.0 0.0 0.0 0.00017758046 0.0 0.0 0.0 0.0 0.0 0.0 
0.0 0.00023473408 0.0 3.6806057e-05 0.0 0.0016343517 0.0 0.0 0.0 5.9491314e-05 0.0013217413 0.0 0.0 0.0 0.0 0.00035319952 0.00029957687 0.001108009 0.000913482 0.0 0.0 0.0034793504 0.0 0.0 0.0 0.0011945709 0.0 0.0024283696 0.0 0.0052135107 0.49174953 0.0 0.0 2.893203e-06 0.0 0.0 0.0 0.0 0.0 0.0 0.0 0.0 0.0 0.0 2.0054429 0.0 0.0 0.06401933 0.0 0.0 0.0 0.0 0.007589592 0.0 0.0 0.0 0.0 0.0010457165 0.0070904605 0.0 0.0 0.3039496 0.0 0.0 
0.0 0.0 0.0 0.00071580545 0.00039127425 0.12551975 0.0 0.0 0.0 0.0 0.0018923363 0.0 0.0 0.0 0.0 0.00045405378 0.0 0.0010273809 0.0008621086 0.0 0.0 0.0022411684 0.00027467104 0.0 0.0 0.0 0.0 1.0019445 0.00027301852 0.0 0.5067755 0.0 0.00025654465 0.0 0.0 0.0 0.0 0.0 0.0 0.0 0.0 0.0 0.0 0.00018870969 0.0 0.0 0.0 0.6000784 0.0 0.0 0.0 0.0 0.0 0.00010799706 0.0 0.0 0.0 0.0 0.01036116 0.0 0.007090734 0.004176692 0.0 0.2554203 
0.023295114 0.0 0.0 0.0 0.0005693615 0.0013011425 0.0 0.0 0.0 0.0 0.0 0.0 0.035441995 0.044268455 0.0 0.0 0.0 0.0010230944 0.0006628937 0.0 0.0 0.0 0.06923041 0.0 0.0 0.0 0.0 0.39314255 0.06454635 0.0 0.0 0.0 0.7584616 0.0 0.04410549 0.0 0.0 0.0 0.0 0.0 0.0 0.0 0.0 3.6349153e-05 0.0 0.0 0.0 0.0 0.0 0.0 0.0 0.0 0.0 0.11716132 0.0 0.0 0.0 0.0 0.0021063655 0.052370925 0.0 0.0 0.05421178 0.611395 
0.0 0.0 0.08274967 0.0 0.0 0.0011523489 0.0 0.43834332 0.35151765 0.0015503743 0.0 0.0 0.0 0.0 0.0 0.0 0.0 0.0012654905 0.001134666 0.0007871727 0.0 0.0 0.43164194 0.0 0.0 0.0 0.00011462275 0.0072043897 0.3926957 0.0 0.0 0.31665447 0.0004856176 0.0 0.0 0.0 0.3389361 0.0 0.7566524 0.0 0.0 0.0 0.0 0.0 0.0 0.0 0.0 0.0 0.0 0.0 0.0 0.0 0.0 0.6349662 0.0 0.0 0.0 0.0 0.003512583 0.0 0.0 0.0 0.0 0.0 
0.0005912747 0.0 0.0 0.38445953 0.0 0.0003735177 0.0 0.0 0.0 0.0 0.0 0.0 0.000664856 0.00067470764 0.0 0.024732642 0.0 0.00048452805 0.00021108313 0.0 3.4504228e-05 0.0 0.0 0.0 0.0 0.0 0.0 0.0 0.0 0.0 0.0051935534 0.0 0.0 0.0 0.0006645203 0.0 0.0 0.0 0.0 0.0 0.0 0.0 0.0 0.0 0.0 0.0 0.0 0.0 0.0 0.0 0.0 0.0 0.0 0.0 0.0 0.0 0.0 0.0 0.0 0.0007050486 0.011056122 0.014390022 0.0007153614 0.0 
0.00052129314 0.0 0.0 0.012365367 0.0 0.0 0.0 0.0 0.0 9.318049e-05 0.0 0.0 0.00046759148 0.00046847467 5.074946e-05 0.006888602 0.0 0.0 0.0 0.0 0.0 0.0 0.0 0.0 0.0 0.0 0.0 0.0 0.0 0.0 0.0008877238 0.0 0.0 0.00033068494 0.00046251767 0.0 0.0 0.0 0.0 0.0 0.0 0.0 0.0 0.0 0.0 0.0 0.0 0.0 0.0 0.0 0.0 0.0 0.0 0.0 0.0 0.0 0.0 0.0 0.0 0.0005093886 0.00033335827 0.0020720211 0.0005143501 0.0 
0.0 0.000348369 0.0 0.0 0.0 0.0 0.0 0.0 0.0 0.0 0.0 0.0 4.3389696e-06 3.1192812e-06 0.0 0.0 0.0 0.0 0.0 0.0 0.0 0.0 0.0 0.0 0.0 6.9320225e-07 0.0 0.0 0.0 0.00038076064 0.0 0.0 0.0 0.0 1.4400117e-06 0.0 0.0 0.0 0.0 0.0 6.8425536e-05 0.0 0.0 0.0 0.0 0.0 0.0 0.0 0.0 0.0 0.0 0.0 0.0007222122 0.0 0.0 0.0 0.0 0.00013850274 0.0 1.2397634e-06 0.0 0.0 2.9023827e-06 0.0 
0.0 8.483115e-05 0.0 0.0 0.0 0.0016390956 0.0004431508 0.0 0.0 0.0 0.0 0.0 0.0 0.0 0.0 0.0 0.0 0.0011161661 0.0010545464 0.0 0.0 0.0 0.0 0.0 0.0 0.0010525207 0.000465435 0.0 0.0 0.0015736305 0.0 0.0 0.0 0.0 0.0 0.0 0.0 0.0 0.0 0.0 0.0 0.0 0.0 0.0 0.0 0.0 0.0 0.000107086606 0.0 0.0014425045 0.0 0.0 1.0340065 0.0 0.0 0.0 0.0 0.0011550359 0.0 0.0 0.0 0.0 0.0 0.0 
0.0 0.0 0.0 0.0 0.0 0.0074629793 0.0041266354 0.0 0.0 0.0 0.006257888 0.0 0.0 0.0 0.0 0.0 0.0 0.005523898 0.0062316386 0.0 0.0 0.002422149 0.0 0.0 0.0 0.0011094738 0.0043394733 0.0 0.0 0.00072785205 0.0 0.0 0.0 0.0 0.0 0.0 0.0 0.0 0.0 0.0 0.0 0.0 0.0 0.0 0.0 0.0 0.0 0.43069884 0.0 0.0051879534 0.0 0.0 1.6952446 0.0 0.0 0.0 0.0 1.2353904 0.0 0.0 0.0 0.0 0.0 0.0 
0.00040070084 0.0 0.0 0.0 0.0 0.0043646223 0.0 0.0 0.0 0.0 1.0117822 0.0 0.0005757614 0.00060135167 0.0 0.0010817861 0.0 0.002583783 0.003405048 0.0 0.0 0.009180334 0.0 0.0 0.0 0.0035377173 0.0013341731 0.0021185488 0.0 0.0019494221 0.0033703225 0.0 0.0 0.0 0.00058900734 0.0 0.0 0.0 0.0 0.0 0.0 0.0 0.0 0.0 0.0010619657 0.5800266 0.0 1.4489698 0.0 0.0010543563 0.0002731547 0.0 0.0073536327 0.0 0.0 0.0 0.0 0.0075975996 0.002021259 0.00045974617 0.0 0.011233556 0.0004655003 0.0002261574 
0.020385502 0.0 0.0 0.09096213 0.0 0.0 0.0 0.0 0.0 0.0 1.3797234e-05 0.0 0.01734218 0.01762536 0.010481001 0.14377351 0.0 0.0 0.0 0.0 1.1352898 0.0 0.0 0.000113734604 0.113531925 0.0 0.0 0.0 0.0 0.0 0.12362236 0.0 0.0 0.0 0.017520882 1.4301631 0.0 2.3696019e-05 0.0 0.0 0.007945155 2.0983415 1.9874276 0.0 0.0 1.2553953 0.0 0.0 0.0 0.0 0.0 0.13658206 0.0 0.0 0.22729549 0.0 0.42944142 0.0 0.0 0.024064217 0.02099251 0.16206875 0.5184612 0.0 
2.1901435e-06 0.0 0.0 0.101791374 0.16362332 0.0150226895 0.0 0.0 0.0 5.689369e-06 0.21915726 0.24927303 0.0 0.0 0.0 0.13255517 0.0 0.0 0.016431177 0.11829553 0.0 0.15859337 0.16753826 0.0121953925 0.0 0.0 0.048362367 0.27011815 0.08768023 0.0 0.4452281 0.0 0.16423343 2.2034405e-05 0.0 0.0 0.0 0.0 0.11257095 0.006215146 0.0 0.0 0.0 0.07098845 0.03695819 0.0 0.009709237 0.0 0.036573235 0.0 0.008963346 0.0071108215 0.00224647 0.19204283 0.13779847 0.006654081 0.0 0.00029756362 0.43934837 0.0 0.5210254 0.24124719 0.13142398 0.0 
0.0 0.0 0.0021417795 0.0013766445 0.0012921428 0.0 4.998258e-05 0.0013482993 0.0023311328 0.0021083541 0.0 0.66922253 0.0 0.0 0.0 0.0015940949 0.0 0.0 0.0 0.0024305899 0.0022691279 0.0 0.0006746796 0.0 0.0066408194 0.0 0.0 0.0 0.0007176573 0.0 0.0014600584 0.0023354655 0.0 0.0 0.0 0.0016006022 0.0023449783 0.0017645775 0.0025654288 0.0025983239 0.00068485073 0.004006217 0.0072569423 0.0049162055 0.0 0.021886319 0.0 0.0 0.0 0.0 0.0 0.0014313427 0.0 0.00417328 1.7147639 0.014330555 0.011951627 0.0 0.0 0.0 0.0024040414 0.0014787428 0.0 0.0 
0.0 0.0 0.0 0.03404996 0.0 0.0 0.0 0.0 0.0 0.005055611 0.0 0.00080914184 0.0 0.0 0.0 0.04328627 0.0 0.0 0.0 0.0 0.0013581663 0.0 0.0 0.0003158498 0.0 6.750542e-07 0.0 0.0 0.0 0.0 0.0074351905 0.0 0.0 0.0068681063 0.0 0.0 0.0 0.0 0.0 0.0 0.0 0.0 0.0 0.0 0.9578808 0.0 0.00027029557 0.0 0.0 0.0 0.0 0.0003487492 0.0 0.0 0.85150266 0.008704456 0.0 0.0 0.0 0.0 0.14599027 1.2460104 0.0 0.0 
0.0 0.0 0.0 0.00028018391 0.0 0.0001717995 5.683437e-05 0.0 0.0 0.0 0.0 0.0 0.0 0.0 0.0 0.0051498623 0.0 1.8351093e-05 2.0476915e-05 0.0 0.0 0.0 0.0 0.0 0.0 2.9816369e-05 0.00015401078 0.0 0.0 6.42831e-05 0.00016758536 0.0 0.0 0.0 0.0 0.0 0.0 0.0 0.0 0.0 0.0 0.0 0.0 0.0 0.18559565 0.0 0.0 0.0 0.0 0.0005974683 0.0 0.0 2.4672565e-05 0.0 0.0 0.0 0.0 1.529272e-05 0.0 0.0 0.0 1.975201 0.0 0.0 
0.0 0.0 0.0 0.0 0.0 0.0 0.0 0.0 0.0 0.0025017646 0.0 0.0 0.0 0.0 0.0 0.13692875 3.1219264e-05 0.0 0.0 0.0 0.0 0.0 0.0 0.0 0.0 0.00066818966 0.0 0.0 0.0 0.0008463526 0.011746136 0.0 0.0 0.0 0.0 0.0 0.0 0.0 0.0 0.0 0.0 0.0 0.0 0.0 1.0600345 0.0 0.0 0.0 0.0 0.0 0.0 0.0 0.00095117954 0.0 0.0 0.0 0.0 0.0004289589 0.0 0.0 0.0 0.7593644 0.0 0.0 
0.0 1.49939215e-05 0.0 7.400482e-05 0.0 0.016997118 0.0 0.0 0.0 0.0353401 0.0035519043 0.0 0.0 0.0 0.0 0.027503993 0.8024726 0.0016466713 0.0017391499 0.0 0.0 0.0 0.0 0.0 0.0 0.00041896192 4.6649526e-05 0.0 0.0 0.0006511371 0.99954605 0.0 0.0 0.00022339322 0.0 0.0 0.0 0.0 0.0 0.0 0.0 0.0 0.0 0.0 0.001309642 0.0 0.0 0.0008828525 0.0 0.0 0.0 0.0 0.00097442756 0.0 0.0 0.0 0.0 0.0005955612 0.0 0.0 0.0 0.0023090616 0.0 0.0 
0.0 0.0 0.0 0.0025561263 0.0 0.029675726 0.0 0.0 0.0 0.00031550453 0.0016020022 0.0 0.0 0.0 0.0 0.00459156 0.0 0.0012935221 0.0012120316 0.0 0.00024687263 0.0 0.0 0.0 0.0 0.0 0.0 7.280626e-05 0.0 0.0 0.47780907 0.0 0.0 0.00020015928 0.0 0.0 0.0 0.0 0.0 0.0 0.0 0.0 0.0 0.0 0.0 0.0 0.0 0.0 0.0 0.0 0.0 0.0 0.0 0.0 0.0 0.0 0.0 0.0 0.0004024042 0.0 0.009540461 0.0030218163 0.0 0.0 
0.9348242 0.0 0.0 0.0 0.0 0.00087470474 0.0 0.0 0.0 0.006626722 0.0 0.0 0.7587156 0.5846795 0.0 0.00024192754 0.0 0.0006672065 0.00026335847 0.0 7.584562e-05 0.0 0.0 0.0 0.0 0.0 0.0 0.0 0.0 0.0 0.0015406585 0.0 0.0 0.9146463 0.59182185 0.0 0.0 0.0 0.0 0.0 0.0 0.0 0.0 0.0 0.0 0.0 0.0 0.0 0.0 0.0 0.0 0.0 0.0 0.0 0.0 0.0 0.0 0.0 0.0 0.49895856 0.003954339 0.0 0.16030091 0.00084394997 
0.0 0.0 0.12933685 0.00036989144 0.0 0.0014201766 0.00047571288 0.31148443 0.17379527 0.0 0.0 0.0 0.0 0.0 0.0 0.0009619618 0.0 0.0012995347 0.0011916598 0.0 0.00056943815 0.0 0.0 0.0 0.0 0.0 2.5793208e-05 0.0 0.0 0.0 0.0020748982 0.18199879 0.0 0.07792684 0.0 0.0 0.18349631 0.0 0.0022154094 0.0 0.0 0.0 0.0 0.0 0.0 0.0 0.0 0.0 0.0 0.0 0.0 0.0 0.0 0.0 0.0 0.0 0.0 0.0 0.0 0.0 0.003103706 0.0013998152 0.0 0.0 
0.0 0.0 0.0 0.792757 0.0 0.00081962434 2.9471723e-05 0.0 0.0 0.0 0.0 0.0 0.0 0.0 0.0 0.030945469 0.0 0.0006898274 0.00052780897 0.0 0.0031087375 0.0 0.0 0.0 0.0 0.0 0.0 0.0 0.0 0.0 0.0057161706 0.0 0.0 0.0 0.0 0.0 0.0 0.0 0.0 0.0 0.0 0.0 0.0 0.0 0.0 0.0 0.0 0.0 0.0 0.0 0.0 0.0 0.0 0.0 0.0 0.0 0.0 0.0 0.0 0.0 0.0058164406 0.0059238547 0.0 0.0 
0.0 0.0 0.0 1.2927467 0.0003837334 0.000699239 0.0 0.0 0.0 0.0 0.0 0.0 0.0 0.0 0.0 0.00068344723 0.0 0.00038877368 0.00015476024 0.0 0.0 0.00082335895 0.00035517226 0.0 0.0 0.0 0.0 0.0 0.0003508356 0.0 0.00046826285 0.0 0.0002333959 0.0 0.0 0.0 0.0 0.0 0.0 0.0 0.0 0.0 0.0 0.00268569 0.0 1.00267025e-05 0.0 0.0 0.0 0.0 0.0 0.0 0.0 0.00010914186 0.0 0.0 0.0 0.0 0.0 0.0 0.0 0.0012578506 0.0 0.0 
0.0 0.0 0.0 0.0046511544 0.0 0.0010052116 0.0 0.0 0.0 0.0 0.0 0.0 0.0 0.0 0.0 0.00059112156 0.0 0.0003551765 0.0002813005 0.0 0.0 0.003124149 0.0 0.0 0.0 7.8678706e-05 0.0 0.0 0.0 0.00031143875 0.003979405 0.0 0.0 0.0 0.0 0.0 0.0 0.0 0.0 0.0 0.0 0.0 0.0 0.0 0.0 0.0 0.0 0.0 0.0 0.0 0.0 0.0 0.00054419227 0.0 0.0 0.0 0.0 0.00032452212 0.0 0.0 0.0 0.006340298 0.0 0.0 
0.0 0.0 0.0 0.0 0.0 0.002478559 0.00077961205 0.0 0.0 0.0 0.0 0.0 0.0 0.0 0.0 0.0 0.0 0.0017311668 0.0018441087 0.0 0.0 0.0 0.0 0.0 0.0 0.0016378468 0.00069565984 0.0 0.0 0.0017781305 0.0 0.0 0.0 0.0 0.0 0.0 0.0 0.0 0.0 0.0 0.0 0.0 0.0 0.0 0.0 0.0 1.1489779e-05 1.4133767 0.0 0.0008412657 0.0 0.0 0.002649804 0.0 0.0 0.0 0.0 1.2242581 0.0 0.0 0.0 0.0 0.0 0.0 
0.0 0.0 0.0 0.0 0.0 0.0076914923 0.0039366903 0.0 0.0 0.0 0.0034123105 0.0 0.0 0.0 0.0 0.0 0.0 0.005993357 0.0063478635 0.0 0.0 0.0 0.0 0.0 0.0 0.0 0.003710864 0.0 0.0 0.0 0.0 0.0 0.0 0.0 0.0 0.0 0.0 0.0 0.0 0.0 0.0 0.0 0.0 0.0 0.0 0.0 0.0 2.6300635 0.0 0.0041779187 0.0 0.0 0.0 0.0 0.0 0.0 0.0 0.0146278 0.0 0.0 0.0 0.0 0.0 0.0 
0.0 0.0 0.0 0.0 0.0 0.30707157 0.005448546 0.0 0.0 0.0 0.00016058661 0.005112441 0.0 0.0 0.0 0.0 0.0 0.008341529 0.010313147 0.0 0.0 0.0102903955 0.0 0.0057352455 0.0 0.0 0.007927994 0.0 0.0 0.0 0.0 0.0 0.0 0.0 0.0 0.0 0.0 0.0 0.0 0.0 0.0 0.0 0.0 0.0 0.0 0.8930954 0.0052262135 2.6090643 0.0 0.008055997 0.0 0.0032077844 0.0 0.0 0.0 0.0 0.0 0.00079697487 0.0 0.0 0.0 0.0043301955 0.0 0.0 
0.0 0.0 0.0 0.0 0.0 0.0 0.0 0.0 0.0 0.0 0.0 0.0 0.0 0.0 0.0 0.0 0.0 0.0 0.0 0.0 2.0836453 0.0 0.0 0.0 4.1214027 0.0 0.0 0.0 0.0 0.0 0.0 0.0 0.0 0.0 0.0 0.0124446275 0.0 0.00053111615 0.0 0.0 0.0 5.216505 5.221966 0.0 0.0 4.5260177 0.0 0.0 0.0 0.0 0.0 0.004985099 0.0 0.0 0.0 0.0 3.7727103 0.0 0.0 0.0 0.0 0.0 0.0 0.0 
9.813307e-05 0.0 0.91796523 0.014025844 0.35400686 0.0016464955 0.0 0.0 0.0 0.0001851354 7.80987e-05 0.0 0.09086462 0.0 0.0 0.0 0.0 0.0 0.017013092 0.2574539 0.0 0.0 0.5841183 0.010526733 0.0 0.0 0.052989885 0.0 0.7771142 0.0 0.0 0.0 0.523584 0.00077392254 0.0 0.0 0.0 0.0 1.1461567 0.44248912 0.0 0.0 0.0 0.65189195 0.0 0.0 0.051043075 0.0 0.1011952 0.0 0.020839626 0.0 0.0 1.0553029 9.4948824e-05 0.032329723 0.0 0.0 0.0 0.0 0.00016017185 0.0 0.0 0.0 
0.0 0.0 0.0 0.017880954 0.18349579 0.0 0.0 0.0 0.0 0.0 0.019177368 0.66095495 0.0 0.0 0.0 0.017600432 0.0 0.0 0.0 0.0 0.023914639 0.0 0.17552015 0.0 0.0131941475 0.0 0.0 0.0 0.53647065 0.0 0.014023661 0.0 0.035836805 0.0 0.0 0.0021730629 0.0 0.0 0.0 1.8087339 0.0 1.5049495 0.012072982 1.5103588 0.0 0.45388988 0.0 0.0 0.0 0.0 0.0 0.6775743 0.0 0.040381763 0.0 0.0 0.007869866 0.0 0.0 0.0 0.018294057 0.015036282 0.0 0.0 
0.0 0.0 0.0 0.0 0.0020294474 0.0 0.0 0.0 0.0 0.0077660726 0.0 0.00040108207 0.0 0.0 0.0 4.9183936e-06 3.6118836 0.0 0.0 0.0 0.0 0.0 0.0 0.00025844708 0.0 0.0019962557 0.0 0.0 0.0 0.0011129662 0.0 0.0 0.0 0.0060141343 0.0 0.0 0.0 0.0 0.0 0.0063590985 0.0 0.0 0.0 0.0031693303 0.0027909242 0.0 0.00029841522 0.0 0.0 0.0 8.1147344e-05 0.0 0.00045959663 0.0 0.6151481 0.0027111643 0.0 0.0009784539 0.0 0.0 0.0012430911 0.0 0.0 0.0 
0.0 0.0 0.0 0.0 0.0 0.0 0.0 0.0 0.0 0.0 0.0 0.0 0.0 0.0 0.0 0.0 4.2410717 0.0 0.0 0.0 0.0 0.0 0.0 0.0 0.0 0.0012912237 0.0 0.0 0.0 0.0007449187 0.0 0.0 0.0 0.0 0.0 0.0 0.0 0.0 0.0 0.0 0.0 0.0 0.0 0.0 0.0 0.0 0.0 0.0 0.0 0.0001469075 0.0 0.0 0.0005990152 0.0 0.0 0.0 0.0 0.0007110085 0.0 0.0 0.0 0.0 0.0 0.0 
0.0 0.0 0.0 0.0016323981 0.0 0.0 0.0 0.0 0.0 0.00018773662 0.0 0.0 0.0 0.0 0.0 0.0030238056 1.5147918 0.0 0.0 0.0 0.0 0.0 0.0 0.0 0.0 0.0010189497 0.0 0.0 0.0 0.0011851485 0.001337017 0.0 0.0 0.0 0.0 0.0 0.0 0.0 0.0 0.0 0.0 0.0 0.0 0.0 0.000522751 0.0 0.0 0.0 0.0 0.0 0.0 0.0 0.0014507794 0.0 0.0 0.0 0.0 0.00093889236 0.0 0.0 0.0 0.004406651 0.0 0.0 
0.0 0.0 0.0 0.00019607932 0.0 0.0004914605 0.0 0.0 0.0 0.0044111484 0.0015265819 0.0 0.0 0.0 0.0 0.39413196 0.25035742 7.57087e-05 0.0 0.0 0.00012532505 0.0 0.0 0.0 0.0 2.3601542e-05 0.0 0.0 0.0 0.0001734195 0.0047557685 0.0 0.0 0.00014985757 0.0 0.0 0.0 0.0 0.0 0.0 0.0 0.0 0.0 0.0 0.00018886142 0.0 0.0 0.0 0.0 0.0 0.0 0.0 0.00038431425 0.0 0.0 0.0 0.0 0.00015000881 0.0 0.0 0.0 0.0017688263 0.0 0.0 
0.0009126014 0.0 0.0 0.0015113784 0.0 0.000471079 0.0 0.0 0.0 0.005812435 8.92539e-05 0.0 0.0039579966 0.0044215485 0.0 0.28690493 0.0 0.0003000654 0.0 0.0 0.26051643 0.0 0.0 0.0 0.0 0.0 0.0 0.0 0.0 0.0 0.005569018 0.0 0.0 0.006094576 0.004361719 0.015592381 0.0 0.0 0.0 0.0 0.0 0.0 0.0 0.0 0.0 0.0 0.0 0.0 0.0 0.0 0.0 0.0 0.0 0.0 0.0 0.0 0.33545625 0.0 0.0 0.0051252306 0.0023850221 0.00036579254 0.00571487 0.0 
0.00072303234 0.0 0.0007035117 0.001894145 0.0 0.0 0.0 0.20204131 0.00042821743 0.0 0.0 0.0 0.003529617 0.006950494 0.0 0.0040262295 0.0 0.0 0.0 0.0 0.7222329 0.0 0.0 0.0 0.0012761316 0.0 0.0 0.0 0.0 0.0 0.0026287048 0.00042831985 0.0 0.0 0.0068927016 1.4800061 0.00042629152 0.0 0.00039013926 0.0 0.0 0.0 0.0 0.0 0.0 0.0 0.0 0.0 0.0 0.0 0.0 0.0 0.0 0.0 0.0 0.0 0.99291754 0.0 0.0 0.0144467065 0.0029173905 0.0017003233 0.26863956 0.0 
3.820139e-05 0.0 0.00058356114 0.0050652963 0.0 0.0 0.0 0.052143782 0.0005333372 0.0 0.0 0.0 6.325185e-05 6.7608395e-05 0.0 0.0052296002 0.0 0.0 0.0 0.0 0.9006428 0.0 0.0 0.0 0.0006275884 0.0 0.0 0.0 0.0 0.0 0.0055452893 0.0005323749 0.0 1.2192021e-06 6.611548e-05 0.0030801946 0.0005306129 0.8640715 0.00046588175 0.0 0.0 0.0 0.0 0.0 0.0 0.0 0.0 0.0 0.0 0.0 0.0 0.0 0.0 0.0 0.0 0.0 0.22874157 0.0 0.0 6.500819e-05 0.0038499786 0.0059265215 6.596514e-05 0.0 
0.0006186625 0.0 0.0 0.0018972092 0.0 0.0 0.0 0.0 0.0 2.210283e-05 0.0 0.0005522834 0.0005732422 0.0007132326 0.0 0.0702608 0.0 0.0 0.0 0.0 1.1050662 0.0 0.0 0.0 0.0014643801 0.0 0.0 0.0 0.0 0.0 0.0027941943 0.0 0.0 1.3558854e-05 0.0007354835 0.0024763257 0.0 0.0 0.0 0.0 0.0 0.0 0.0018844419 0.0 0.0 0.001773117 0.0004836517 0.0 0.0 0.0 0.0 0.0 0.0 0.0 0.0 0.0 0.005817296 0.0 0.0 0.0008263259 0.001680289 0.0036005687 0.00069918804 0.0 
0.0 0.0 0.0 0.000109682864 0.00034404921 0.00023653788 0.0 0.0 0.0 0.0 0.0 0.0 0.0 0.0 0.0 4.532499e-05 0.0 0.0 0.0 0.0 0.0 0.00014259627 0.03421431 0.0 0.0 0.0 0.0 0.009837742 0.03202611 0.0 0.0 0.0 7.657802e-05 0.0 0.0 0.0 0.0 0.0 0.0 0.0 0.0 0.0 0.0 0.72038376 0.0 0.0 0.0 0.0 0.0 0.0 0.0 0.0 0.0 3.176808e-05 0.0 0.0 0.0 0.0 0.013196595 0.0 0.0 0.00016154355 0.0 0.0 
0.0 0.0 0.0 0.0 2.8895232e-05 0.024374438 0.0014567189 0.0 0.0 0.0 0.0 0.0 0.0 0.0 0.0 0.0 0.0 0.0034810302 0.0035536971 0.0 0.0 0.0014645901 0.0 0.0 0.0 0.00044931337 0.00095733226 0.0 0.0 0.00037974078 0.0 0.0 0.0 0.0 0.0 0.0 0.0 0.0 0.0 0.0 0.0 0.0 0.0 0.0 0.0 0.0 0.0 0.014603418 0.0 0.0007651222 0.0 0.0 0.003761378 0.0 0.0 0.0 0.0 1.3760308 0.0 0.0 0.0 0.0 0.0 0.0 
0.0 0.0 0.0 0.0 0.0 0.0043299817 0.00074604043 0.0 0.0 0.0 0.0 0.0 0.0 0.0 0.0 0.0 0.0 0.0015883208 0.0017462972 0.0 0.0 0.0 0.0 0.0 0.0 0.001157903 0.0008376826 0.0 0.0 0.0006990519 0.0 0.0 0.0 0.0 0.0 0.0 0.0 0.0 0.0 0.0 0.0 0.0 0.0 0.0 0.0 0.0 0.0 0.006450797 0.0 0.0011167428 0.0 0.0 0.0010352894 0.0 0.0 0.0 0.0 0.0018000377 0.0 0.0 0.0 0.0 0.0 0.0 
0.0 0.0 0.0 0.0 0.0 0.00624196 0.0036367096 0.0 0.0 0.0 0.0025087597 0.0 0.0 0.0 0.0 0.0 0.0 0.005293881 0.005676591 0.0 0.0 0.0 0.0 0.0 0.0 0.0 0.0032039662 0.0 0.0 0.0 0.0 0.0 0.0 0.0 0.0 0.0 0.0 0.0 0.0 0.0 0.0 0.0 0.0 0.0 0.0 0.0 0.0 0.0023371999 0.0 0.0039374847 0.0 0.0 0.0 0.0 0.0 0.0 0.0 0.0019333672 0.0 0.0 0.0 0.0 0.0 0.0 
0.0 0.0 0.0 0.0 0.0 0.0069591925 0.00536366 0.0 0.0 0.0 0.008337736 0.0 0.0 0.0 0.0 0.0 0.0 0.006365836 0.0069217137 0.0 0.0 0.019558717 0.0 0.0 0.0 0.0 0.0055872044 0.0045053484 0.0 0.0 0.0 0.0 0.0 0.0 0.0 0.0 0.0 0.0 0.0 0.0 0.0 0.0 0.90599734 0.0 0.0 11.77418 0.0 4.260494e-05 0.0 0.005736266 0.0 0.0 0.0 0.0 0.0 0.0 0.0 0.0 0.0105682975 0.0 0.0 0.0 0.0 0.0 
0.0 0.0 0.0 0.035965133 0.0 0.0 0.0 0.0 0.0 0.0 0.0007948954 0.0 0.0 0.0 0.0 0.103171304 0.0 0.0 0.0 0.0 2.7097387 0.0 0.0 0.0 2.9383578 0.0 0.0 0.0 0.0 0.0 0.056721702 0.0 0.0 0.0 0.0 5.2317122e-05 0.0 0.0 0.0 0.0 0.0 3.4978437 3.3587348 0.0 0.0 1.9480693 0.0 0.0 0.0 0.0 0.0 0.0039573913 0.0 0.0 0.0 0.0 2.3119063 0.0 0.0 0.0 0.047285013 0.07362385 0.0 0.0 
0.0 0.0 0.0 0.10621485 0.16072643 0.0 0.0 0.0 0.0 0.0 0.0 0.0 0.0 0.0 0.0 0.0 0.0 0.0 0.0 0.0 0.0 0.0 0.19262877 0.0 0.0 0.0 0.0 0.0005719934 0.21763058 0.0 0.0 0.0 0.15417624 0.010891738 0.0 0.0 0.0 0.0 0.0 0.012119734 0.0 0.0 0.0 0.22520489 0.0 0.0 0.049367018 0.0 0.0 0.0 0.0 0.0 0.0 0.2519978 0.00021457348 0.0 0.0 0.0 0.0 0.0 0.043185707 0.0 0.0 0.0 
0.0 0.0 0.0 0.0039814934 0.27700526 0.0 0.0 0.0 0.0 0.0 0.0 0.0 0.0 0.0 0.0 0.002654192 0.0 0.0 0.0 0.0 0.0 0.0004643334 0.22545312 0.0 0.0 0.0 0.0 0.0 0.282036 0.0 0.0025085767 0.0 0.04502761 0.0 0.0 0.0 0.0 0.0 0.0 1.8219006 0.0 3.378749 0.42549717 0.7792399 0.0 0.0001032324 0.0 0.0 0.0 0.0 0.0 0.0 0.0 0.059726264 0.0 0.0 0.0 0.0 0.0 0.0 0.0 0.0016389205 0.0 0.0 
0.0 0.0 0.0 0.0 0.013178557 0.0 0.0 0.0 0.0 0.0 0.030330654 0.0 0.0 0.0 0.0 0.0 0.0 0.0 0.0 0.0 0.0 9.505528e-05 0.008870892 0.0 0.011975963 0.028095236 0.0 0.0 0.008824221 0.001283354 0.0 0.0 0.007180141 0.0 0.0 0.0 0.0 0.0 0.0 0.0140083665 0.0 2.0388863 0.016475717 0.016092068 0.0 0.0033226633 0.0 0.0 0.0010411039 0.0 0.0019071698 0.0 0.00064515194 0.0065795262 0.0 0.0 0.0 0.00071275607 0.0 0.0 0.0 0.0 0.0 0.0 
0.0 0.0 0.0 0.0 0.0 0.0 0.0 0.0 0.0 0.0 1.2398713 0.0 0.0 0.0 0.0 0.0 0.0 0.0 0.0 0.0 0.0 0.0 0.0 0.0 0.25492275 0.11025609 0.0 0.0 0.0 0.0009582013 0.0 0.0 0.0 0.0 0.0 0.0 0.0 0.0 0.0 0.0 0.0 0.0 0.002379766 0.0 0.0 0.5136565 0.0 0.0 0.0 0.0 0.0 0.0 0.0007289145 0.0 0.0 0.0 0.0 0.0008549331 0.0 0.0 0.0 0.0 0.0 0.0 
0.0 0.0001406401 0.0 0.0 0.0 0.0 0.0 0.0 0.0 0.0 0.014915715 0.0 0.0 0.0 0.0 0.0 0.00043691034 0.0 0.0 0.0 0.0 0.0 0.0 0.0 0.0072254627 0.045752227 0.0 0.0 0.0 0.011221843 0.0 0.0 0.0 0.0 0.0 0.0 0.0 0.0 0.0 0.0 2.7364325e-05 0.0023763657 0.0056575797 0.0 0.0 0.024547145 0.0 0.0 0.0 0.0 0.0 0.0 0.011081756 0.0 0.0 0.0 0.0 0.0017278277 0.0 0.0 0.0 0.0 0.0 0.0 
0.0 0.0009820682 0.0 0.0 0.0 0.0 0.0 0.0 0.0 0.0 0.0 0.0 0.0 0.0 0.0 0.0 0.0016579918 0.0 0.0 0.0 0.0 0.0 0.0 0.0 0.0027771932 0.0023487883 0.0 0.0 0.0 0.0029719374 0.0 0.0 0.0 0.0 0.0 0.0 0.0 0.0 0.0 0.0 1.8671223 0.0 0.0 0.0 0.0 0.0 0.0 0.0 0.0 0.0 0.0 0.0 0.0032173966 0.0 0.0 0.0 0.0032519067 0.0020831309 0.0 0.0 0.0 0.0 0.0 0.0 
0.0005001787 0.0 0.0 0.0 0.0 0.001973841 1.9429728 0.0 0.0 0.0 0.0 0.0 0.0026350662 0.0028517912 0.0 0.0 0.0 0.99045146 0.0010843355 0.0 0.0 0.0 0.0 0.0 0.0 0.0 0.0 0.0 0.0 0.0 0.0 0.0 0.0 0.0 0.0028436894 0.0 0.0 0.0 0.0 0.0 4.9155393 0.0 0.0 0.0 0.0 0.0 0.0 0.0 0.0 0.0 0.0 0.0 0.0 0.0 0.0 0.0 0.1509579 0.0 0.0 0.0030570123 0.0 0.0 0.0031570487 0.0 
0.0 0.0 0.00062138983 0.0 0.0 0.00022563696 0.0014425404 0.00039325625 0.0005257909 0.0 0.0 0.0018101969 0.0 0.0 0.0 0.0 0.0 0.001053184 0.0 0.0 0.0 0.0 0.0 0.0 0.0 0.0 0.0 0.0 0.0 0.0 0.0 0.0005261831 0.0 0.0 0.0 0.0 0.00052750204 1.333355 0.0005237686 0.0 1.0053805 0.0 0.0 0.0 0.0 0.0 0.0015641637 0.0 0.0 0.0 0.0 0.00089034816 0.0 0.0 0.0024895426 0.0 0.6291288 0.0 0.0 0.0 0.0 0.0 0.0 0.0 
0.0 0.0 0.0 0.0037883313 0.0 0.0 0.0 0.0 0.0 0.00014866017 0.0 0.40483367 0.0 0.0 0.0 0.028272146 0.0 0.0 0.0 0.0 0.0054500117 0.0 0.0 0.0 0.0048695863 0.0 0.0 0.0 0.0 0.0 0.003386735 0.0 0.0 0.00015185225 0.0 0.0 0.0 7.491267e-05 0.0 0.0 0.000108691725 0.0 0.0 0.0 0.0 0.0 0.0017921469 0.0 0.0 0.0 0.0 1.4221951 0.0 0.0 0.0 0.0 0.9932296 0.0 0.0 0.0 0.0 0.122994594 0.0 0.0 
0.00015026264 0.0 0.0 0.0 0.0 0.0 0.0 0.0 0.0 1.4954212e-05 0.0 0.0 0.00015796511 0.00016515695 0.0 0.0 0.0 0.0 0.0 0.0 0.0 0.0 0.0 0.0 0.002510849 0.0 0.0 0.0 0.0 0.0 0.0 0.0 0.0 0.0 0.00016198665 0.0 0.0 0.0 0.0 0.0 0.0 0.0007359257 0.0009536266 0.0 0.0 0.0 0.0 0.0 0.0 0.0 0.0 0.0 0.0 0.0 0.0 0.0 0.23406956 0.0 0.0 0.00016291809 0.0 0.0 0.00016621023 0.0 
0.0 0.0 0.0 0.0 0.00045867602 0.00025306686 0.0 0.0 0.0 0.0 3.4163946e-05 0.0 0.0 0.0 0.0 0.0 0.0 0.0 0.0 0.0 0.0 0.0002762552 0.00038203096 0.0 0.0 0.0005155235 0.0 0.0013553273 0.00035929665 0.0003978613 0.0 0.0 0.0001952222 0.0 0.0 0.0 0.0 0.0 0.0 0.0 0.0 0.0 0.0 0.1524678 0.0 0.0 0.0 0.0 0.0 9.532652e-05 0.0 0.0 0.0004922506 9.046743e-05 0.0 0.0 0.0 0.0003019813 0.0022845531 0.0 0.0 0.0 0.0 0.0 
0.0 0.0 0.0 0.0 0.0 0.0010883166 0.0 0.0 0.0 0.0 0.24513349 0.0 0.0 0.0 0.0 0.0 0.0 0.0 0.0 0.0 0.0 0.0 0.0 0.0 0.0 0.0021150305 0.0 0.0 0.0 0.00136187 0.0 0.0 0.0 0.0 0.0 0.0 0.0 0.0 0.0 0.0 0.0 0.0 0.0 0.0 0.0 0.0 0.0 0.0 0.0 0.00088271254 0.0 0.0 0.0015970254 0.0 0.0 0.0 0.0 0.001267432 0.0 0.0 0.0 0.0 0.0 0.0 
0.0 0.0 0.0 0.0 0.0 0.0 0.0 0.0 0.0 0.0 0.017901123 0.0 0.0 0.0 0.0 0.0 0.0 0.0 0.0 0.0 0.0 0.0 0.0 0.0 0.0 0.0 0.0 0.0 0.0 0.0 0.0 0.0 0.0 0.0 0.0 0.0 0.0 0.0 0.0 0.0 0.0 0.0 0.0 0.0 0.0 0.0 0.0 0.0 0.0 0.0 0.0 0.0 0.0 0.0 0.0 0.0 0.0 0.0 0.0 0.0 0.0 0.0 0.0 0.0 
0.0 0.0 0.0 0.0 0.0 0.0 0.0 0.0 0.0 0.0 0.016230643 0.0 0.0 0.0 0.0 0.0 0.0 0.0 0.0 0.0 0.0 0.009407785 0.0 0.0 0.0017033274 0.0 0.0 0.0 0.0 0.0 0.0 0.0 0.0 0.0 0.0 0.0 0.0 0.0 0.0 0.0 0.0 0.0 0.0027832142 0.0 0.0 1.4762737 0.0 0.0 0.0 0.0 0.0 0.0 0.0 0.0 0.0 0.0 0.0 0.0 0.0 0.0 0.0 0.0 0.0 0.0 
0.0 0.0 0.0 0.0 0.0 0.0001969485 0.00011315972 0.0 0.0 0.0 0.021131216 0.0 0.0 0.0 0.0 0.0 0.0 4.6030917e-05 0.00026613066 0.0 0.0 0.017362967 0.0 0.0 0.025110258 0.0 0.0009478079 0.0 0.0 0.0 0.0 0.0 0.0 0.0 0.0 0.0 0.0 0.0 0.0 0.0 0.0 1.7598225 6.2138677 0.0 0.0 13.81035 0.0 0.0 0.0 0.001282907 0.0 0.0 0.0 0.0 0.0 0.0 0.016606754 0.0 0.010305279 0.0 0.0 0.0 0.0 0.0 
0.0 0.0 6.433446e-05 0.0 0.0 0.0 0.0 0.0003024915 0.00029741463 0.0 0.36611772 0.0 0.0 0.0 0.0 0.0 0.0 0.0 0.0 0.0 0.016202616 0.006095746 0.0 0.0 1.5058776 0.0 0.0 0.014861414 0.0 0.0 0.0 0.0002953453 0.0 0.0 0.0 0.0 0.00029842125 0.0 6.464144e-05 0.0 0.0 1.1563233 1.4400092 0.0 0.0 7.702416e-06 0.0 0.0 0.0 0.0 0.0 0.0016100623 0.0 0.0 0.0 0.0 2.0027583 0.0 0.019461676 0.0 0.0 0.0 0.0 0.008260077 
2.4461544e-06 0.0019414917 0.0 0.056881797 0.27056962 0.0 0.0 0.0 0.0 0.0 9.602991e-05 0.0 0.0 0.0 0.0023552456 0.0 0.0 0.0 0.0 0.0 0.0 0.0 0.25534168 0.0 0.0 0.6851525 0.0 8.729314e-05 0.24591814 0.0073293145 0.0 0.0 0.19313711 0.0 0.0 0.0 0.0 0.0 0.009723016 0.0 0.0 0.0 0.0 0.33855486 0.005833576 0.0 0.0 0.0 0.014170555 0.0 0.64459646 0.0 0.006485551 0.34152505 0.0 0.0 0.0 0.39876714 0.0 0.0 0.030470086 0.0056083733 0.0 0.0 
0.0 0.0 0.0 0.0 0.14137305 0.0 0.0 0.0 0.0 0.0 1.2525058e-08 0.0 0.0 0.0 0.0 0.0 0.0 0.0 0.0 0.0 0.0 0.0 0.2935172 0.0 0.0 0.0 0.0 0.0 0.4824457 0.0 0.0 0.0 0.078162126 0.0 0.0 0.0 0.0 0.0 0.0 3.6185873 0.0 0.0 0.0 0.44644567 0.0 0.0 0.0 0.0 0.0 0.0 0.0 0.0 0.0 0.122690074 0.0 0.0 0.0 0.0 0.0 0.0 0.0 0.0 0.0 0.0 
0.0 0.0 0.0 0.0 0.016934885 0.0 0.0 0.0 0.0 0.0 0.0 0.0 0.0 0.0 0.0 0.0 0.0 0.0 0.0 0.0 0.0 0.0001759903 0.013751072 0.0 0.0 0.0013674017 0.0 0.0 0.013423002 0.00024869505 0.0 0.0 0.012779883 0.0 0.0 0.0 0.0 0.0 0.0 1.014919 0.0 4.995628 0.49770236 0.51330024 0.0 0.0 0.0 0.0 0.00013186099 0.0 0.00071223325 0.0 0.0 0.010781581 0.0 0.0 0.0 0.0 0.0 0.0 0.0 0.0 0.0 0.0 
0.0 0.0 0.0 0.0 0.0021595191 0.0 0.0 0.0 0.0 0.0 9.749088 0.0 0.0 0.0 0.0 0.0 0.0 0.0 0.0 0.0 0.0 0.0 0.0 0.0 0.0 0.0040624584 0.0 0.0 0.0 0.0006159384 0.0 0.0 0.0 0.0 0.0 0.0 0.0 0.0 0.0 0.0 0.0 0.40893775 0.0 0.0009472085 0.0 0.0 0.0 0.0 0.0 0.0 0.0 0.0 0.0002170035 0.0 0.0 0.0 0.0 4.2526863e-05 0.0 0.0 0.0 0.0 0.0 0.0 
0.0 0.0 0.0 0.0 0.0 0.0 0.0 0.0 0.0 0.0 17.301859 0.0 0.0 0.0 4.2672043e-05 0.0 0.0 0.0 0.0 0.0 0.0 0.0 0.0 0.0 0.907514 0.014468115 0.0 0.0 0.0 0.0020945182 0.0 0.0 0.0 0.0 0.0 0.0 0.0 0.0 0.0 0.0 0.0 0.009590438 0.0016576734 0.0 0.0 0.0 0.0 0.0 0.0 0.0 0.0 0.0 0.0010970487 0.0 0.0 0.0 0.0 0.00055767485 0.0 0.0 0.0 0.0 0.0 0.0 
0.00027195312 0.0002808607 0.0 0.0 0.0 0.0 0.0 0.0 0.0 0.0 0.0 0.0 0.00041337457 0.00050282845 0.0 0.0 0.0 0.0 0.0 0.0 0.0 0.0 0.0 0.0 0.32146743 0.06494864 0.0 0.0 0.0 0.0036932018 0.0 0.0 0.0 0.0 0.00047196518 0.0 0.0 0.0 0.0 0.0 0.0 0.0 0.0 0.0 0.0 0.0 0.0 0.0 0.0 0.0 0.0 0.0 0.0034967142 0.0 0.0 0.0 0.0 0.002190039 0.0 0.014153607 0.0 0.0 0.001994742 0.0 
0.0 0.0 0.0 0.0 0.0 0.0015663445 0.00028268466 0.0 0.0 0.0 0.0 0.0 0.0 0.0 0.0 0.0 0.0 0.00146141 0.0013511206 0.0 0.0 0.0 0.0 0.0 0.0013733864 0.00026274493 0.0009125653 0.0 0.0 0.00022390748 0.0 0.0 0.0 0.0 0.0 0.0 0.0 0.0 0.0 0.0 0.0 0.0 0.0 0.0 0.0 0.0 0.0 0.0 0.0 0.0010913216 0.0 0.0 0.00027307266 0.0 0.0 0.0 0.0003965555 0.0 0.0 0.0 0.0 0.0 0.0 0.0 
0.0 0.0 0.0 0.0 0.0 0.0019164946 0.00049873313 0.0 0.0 0.0 0.0 0.13016714 0.0 0.0 0.0 0.0 0.0 0.0017320504 0.0016337358 0.0 0.0 0.0 0.0 0.0 0.0014474505 0.0 0.0011080595 0.0 0.0 0.0 0.0 0.0 0.0 0.0 0.0 0.0 0.0 0.0 0.0 0.0 0.0 0.0 0.0 0.0 0.0 0.0 0.007261438 0.0 0.0 0.0006731348 0.0 0.0032538325 0.0 0.0 0.0019032144 0.0 0.00092703674 0.0 0.0 0.0 0.0 0.0 0.0 0.0 
0.0 0.0 0.0 0.0 0.0 0.00029590947 0.0 0.0 0.0 0.0 0.0 0.0006947976 0.0 0.0 0.0 0.0 0.0 0.0 0.0 0.0 0.0 0.0 0.0 0.00019596603 0.00031321065 0.0 0.0 0.0 0.0 0.0 0.0 0.0 0.0 0.0 0.0 0.0 0.0 0.0 0.0 0.0 0.0 0.0 0.0 0.0 0.0 0.0 0.0009759369 0.0 0.0 0.0 0.0 0.00034010055 0.0 0.0 0.0 0.0 0.00046137953 0.0 0.0 0.0 0.0 0.0 0.0 0.0 
0.0 0.0 0.0 0.0 0.0 0.0 0.0 0.0 0.0 0.0 0.0014007937 0.0 0.0 0.0 0.0 0.0 0.0 0.0 0.0 0.0 0.0 0.001516944 0.0 0.0 0.0 0.0 0.0 0.001685959 0.0 0.0 0.0 0.0 0.0 0.0 0.0 0.0 0.0 0.0 0.0 0.0 0.0 0.0 0.0 0.0 0.0 0.0 0.0 0.0 0.0 0.0 0.0 0.0 0.0 0.0 0.0 0.0 0.0 0.0 0.0031418079 0.0 0.0 0.0 0.0 0.0 
0.0 6.020717e-05 0.0 0.0 4.0256004e-05 0.0 0.0 0.0 0.0 0.0 0.7371334 0.0 0.0 0.0 0.0 0.0 0.0 0.0 0.0 0.0 0.0 0.00029360474 0.026285917 0.0 0.0 0.0017957541 0.0 0.0005073009 0.024496103 0.0011994252 0.0 0.0 0.0 0.0 0.0 0.0 0.0 0.0 0.0 0.0 0.0 0.0 0.0 0.032787293 0.0 0.0 0.0 0.0 0.0 0.0 0.0 0.0 0.0012455789 0.0 0.0 0.0 0.0 0.00079736946 0.002286049 0.0 0.0 0.0 0.0 0.0 
0.0 0.0 0.0 0.0 0.0 0.0 0.0 0.0 0.0 0.0 0.1537667 0.0 0.0 0.0 0.0 0.0 0.0 0.0 0.0 0.0 0.0 0.0 0.0 0.0 0.0 0.00125835 0.0 0.0 0.0 0.0006367973 0.0 0.0 0.0 0.0 0.0 0.0 0.0 0.0 0.0 0.0 0.0 0.0 0.0 0.0 0.0 0.0 0.0 0.0 0.0 0.0 0.0 0.0 0.0004896662 0.0 0.0 0.0 0.0 0.00036080045 0.0 0.0 0.0 0.0 0.0 0.0 
0.0 0.0 0.0 0.0 0.0 0.0 0.0 0.0 0.0 0.0 0.3716712 0.0 0.0 0.0 0.0 0.0 0.0 0.0 0.0 0.0 0.0 0.0 0.0 0.0 0.0 0.0 0.0 0.0 0.0 0.0 0.0 0.0 0.0 0.0 0.0 0.0 0.0 0.0 0.0 0.0 0.0 0.0 0.0 0.0 0.0 0.31638038 0.0 0.0 0.0 0.0 0.0 0.0 0.0 0.0 0.0 0.0 0.0 0.0 0.0 0.0 0.0 0.0 0.0 0.0 
0.0 0.0 0.0 0.0 0.0 0.0 0.0 0.0 0.0 0.0 2.6804686 0.0 0.0 0.0 0.0 0.0 0.0 0.0 0.0 0.0 0.0 0.08315581 0.0 0.0 0.008241262 0.0 0.0 0.0017763815 0.0 0.0 0.0 0.0 0.0 0.0 0.0 0.0 0.0 0.0 0.0 0.0 0.0 0.005727359 1.0797869 0.0 0.0 19.307755 0.0 0.0 0.0 0.0 0.0 0.0 0.0 0.0 0.0 0.0 0.0021163898 0.0 0.02615178 0.0 0.0 0.0 0.0 0.0 
0.0 0.0 0.0 0.0 0.0 0.0 0.0 0.0 0.0 0.0 0.42109805 0.0 0.0 0.0 0.0 0.0 0.0 0.0 0.0 0.0 0.0 0.0 0.0 0.0 0.6987008 0.0 0.00013362827 0.0 0.0 0.0 0.0 0.0 0.0 0.0 0.0 0.0 0.0 0.0 0.0 0.0 0.0 2.2033505 4.0095177 0.0 0.0 0.0 0.0 0.0 0.0 0.0006664319 0.0 0.0 0.0 0.0 0.0 0.0 0.7990249 0.0 0.0 0.0 0.0 0.0 0.0 0.0 
0.0 0.0 0.0 0.0 0.0 0.0041246773 0.006351832 0.0 0.0 0.0 0.6314657 0.0 0.0 0.0 0.0 0.0 0.0 0.006287862 0.0064854715 0.0 0.0 0.005722088 0.0 0.0 0.08402931 0.0 0.010875765 0.010635761 0.0 0.0 0.0 0.0 0.0 0.0 0.0 0.0 0.0 0.0 0.0 0.0 0.0 0.015333814 0.0 0.0 0.0 0.0 0.0 0.0010043845 0.0 0.015649116 0.0 0.0 0.0 0.0 0.0 0.0 0.12128027 0.0 0.29249963 0.0 0.0 0.0 0.0 0.0 
2.8064638e-05 0.0 0.0 0.0007794979 0.013427009 0.0 0.0 0.0 0.0 0.0 0.0 0.017961826 0.0 0.0 0.0 0.0 0.0 0.0 4.181191e-05 0.0 0.58470094 0.0 0.012713165 0.00014482759 0.07929161 0.0 0.0 0.00011696784 0.035126533 0.0 0.0018295448 0.0 0.02032045 0.0 0.0 0.017930195 0.0 0.0 0.0 0.10675661 0.0 0.19420932 0.67205274 0.030937377 0.0 0.8278212 0.017817512 0.0 0.0 0.0 0.0 0.13369168 0.0 0.013058102 0.0038645272 0.00022527073 0.31583276 0.0 0.0 0.0 0.018595178 0.0 0.0 0.0 
0.0 0.0 0.0 0.0 0.07355448 0.0 0.0 0.0 0.0 0.0 0.0 0.0 0.0 0.0 0.0 0.0 0.0 0.0 0.0 0.0 0.0 0.0 0.20006129 0.0 0.0 0.0 0.0 0.0 0.3559338 0.0 0.0 0.0 0.037631854 0.0 0.0 0.0 0.0 0.0 0.0 2.4718409 0.0 0.0 0.0019868887 0.20371905 0.0 0.0008074967 0.0 0.0 0.0 0.0 0.0 0.0 0.0 0.05582934 0.0 0.0 0.0 0.0 0.0 0.0 0.0 0.0 0.0 0.0 
0.0 0.0 0.0 0.0 0.0017445671 0.0 0.0 0.0 0.0 0.0 1.386403 0.0 0.0 0.0 0.0 0.0 0.0 0.0 0.0 0.0 0.0 0.0005631744 0.0038530943 0.0 0.0020042309 0.0 0.0 0.0 0.00206513 0.0 0.0 0.0 0.0 0.0 0.0 0.0 0.0 0.0 0.0 0.15490074 0.0 0.89383394 0.488362 0.0583717 0.0 0.0039975885 0.0 0.0 0.0 0.0 0.0 0.0 0.0 0.0 0.0 0.0 0.0 0.0 0.0 0.0 0.0 0.0 0.0 0.0 
7.442011e-05 0.0 0.0 0.0 0.010875786 0.0 0.0 0.0 0.0 0.0 11.349393 0.0 5.6800985e-05 5.1669536e-05 0.0 0.0 0.0 0.0 0.0 0.0 0.0 0.0 0.008270615 0.0 0.0 0.0040892772 0.0 0.0 0.008068875 0.0013708737 0.0 0.0 0.006914243 0.0 5.2054405e-05 0.0 0.0 0.0 0.0 0.0033945956 0.0 0.37487176 0.0 0.07104628 0.0 0.00030027653 0.0 0.0 2.987863e-05 0.0 0.00023014998 0.0 0.0009267331 0.0043569184 0.0 0.0 0.0 0.00046513142 0.0 5.4377797e-05 0.0 0.0 5.7108213e-05 0.0 
7.34402e-05 0.0 0.0 0.0 0.008428149 0.0 0.0 0.0 0.0 0.0 12.3517 0.0 6.5932305e-05 6.46787e-05 0.0 0.0 0.0 0.0 0.0 0.0 0.0 0.0 0.00529126 0.0 0.0 0.0030560163 0.0 0.0 0.005050905 0.0009329234 0.0 0.0 0.0050657885 0.0 6.263401e-05 0.0 0.0 0.0 0.0 0.0 0.0 0.3150986 0.0 0.0040173666 0.0 0.0 0.0 0.0 1.2943449e-05 0.0 0.0 0.0 0.00028665786 0.0007647528 0.0 0.0 0.0 0.0 0.0 6.4330394e-05 0.0 0.0 6.6222005e-05 0.0 
0.0 0.00012263277 0.0 0.0 0.0 0.0 0.0 0.0 0.0 0.0 0.0 0.0 0.0 0.0 0.0 0.0 0.0 0.0 0.0 0.0 0.0 0.0004796379 0.0 0.0 0.0 0.33169395 0.0 0.0 0.0 0.0052525993 0.0 0.0 0.0 0.0 0.0 0.0 0.0 0.0 0.0 0.0 0.0 0.1417147 0.0 0.0 0.0 0.0 0.0 0.0 0.0 0.0 3.8762435e-05 0.0 0.004237827 0.0 0.0 0.0 0.0 0.0025047741 0.0 0.0 0.0 0.0 0.0 0.0 
0.0 3.4661356e-05 0.0 0.0 0.0 0.0 0.0 0.0 0.0 0.0 0.0 0.0 0.0 0.0 0.0 0.0 0.0 0.0 0.0 0.0 0.0 0.001487682 0.0 0.0 0.0 0.06502018 0.0 0.00047344842 0.0 0.006648839 0.0 0.0 0.0 0.0 0.0 0.0 0.0 0.0 0.0 0.0 0.0 0.0 0.0 0.0 0.0 0.0 0.0 0.0 0.0 0.0 0.0 0.0 0.0010607892 0.0 7.0989176e-05 0.0 0.0 0.0006405727 0.0017876677 0.0 0.0 0.0 0.0 0.0 
0.0 0.0 0.0 0.0 0.0 0.0005856246 0.0 0.0 0.0 0.0 0.0021008698 0.00020727907 0.0 0.0 0.0 0.0 0.0 0.000115660005 0.0 0.0 0.0 0.0037538912 0.0 0.0 0.0 7.236165e-05 0.0 0.0034571635 0.0 7.200746e-05 0.0 0.0 0.0 0.0 0.0 0.0 0.0 0.0 0.0 0.0 0.0 0.0 0.0 0.0 0.0 0.0 0.00032980996 0.0 0.0 0.0 0.0 0.0 4.804946e-05 0.0 0.0 0.0 0.0 0.0 0.0047755856 0.0 0.0 0.0 0.0 0.0 
0.0 0.0 0.0 0.0 0.0 0.7999309 0.0 0.0 0.0 0.0 0.002066481 0.0 0.0 0.0 0.0 0.0 0.0 0.0013635946 0.0012735242 0.0 0.0 0.0026891087 0.0 0.0 0.0 0.00025681098 0.0 0.004083912 0.0 0.00017590603 0.0 0.0 0.0 0.0 0.0 0.0 0.0 0.0 0.0 0.0 0.0 0.0 0.0 0.0 0.0 0.0 0.0 0.00019043135 0.0 0.0 0.0 0.0 0.00013192206 0.0 0.0 0.0 0.0 0.0 0.0051640975 0.0 0.0 0.0 0.0 0.0015499741 
0.0006109535 0.00043006463 0.0 0.0 0.0038635095 0.0 0.0 0.0 0.0 0.0 0.23340681 0.0 0.0005324609 0.0005212885 0.0008781992 0.0 7.406695e-06 0.0 0.0 0.0 0.0 0.0020075645 0.13340236 0.0 0.0 0.0019515633 0.0 0.0029204055 0.17206573 0.0016035904 0.0 0.0 4.1086932e-05 0.0 0.0005173385 0.0 0.0 0.0 0.0 0.0 0.0 0.0 0.0 3.7261725e-05 0.0 0.0 0.0 0.0 0.0 0.0 0.00023501078 0.0 0.0014577709 0.025960986 0.0 0.0 0.0 0.0009621943 0.0045127277 0.00055382744 0.0 0.0 0.0005302416 0.0009283593 
0.0 0.00031879835 0.0 0.0 0.0 0.0 0.0 0.0 0.0 0.0 0.0 0.0 0.0 0.0 0.0 0.0 0.0 0.0 0.0 0.0 0.0 7.141296e-05 0.0 0.0 0.0 0.0019409575 0.0 0.00031619074 0.0 0.0015086225 0.0 0.0 0.0 0.0 0.0 0.0 0.0 0.0 0.0 0.0 0.0 0.0 0.0 0.0 0.0 0.0 0.0 0.0 0.0 0.0 0.00015246338 0.0 0.0012549971 0.0 0.0 0.0 0.0 0.0007758356 0.6789979 0.0 0.0 0.0 0.0 0.0 
0.0 0.0 0.0 0.0 0.0 0.0 0.0 0.0 0.0 0.0 0.00030813683 0.0 0.0 0.0 0.0 0.0 0.0 0.0 0.0 0.0 0.0 0.0 0.0 0.0 0.0001102567 0.0 0.0 0.0 0.0 0.0 0.0 0.0 0.0 0.0 0.0 0.0 0.0 0.0 0.0 0.0 0.0 3.16112e-05 0.0 0.0 0.0 0.7742715 0.0 0.0 0.0 0.0 0.0 0.0 0.0 0.0 0.0 0.0 0.0 0.0 0.0019966338 0.0 0.0 0.0 0.0 0.0 
0.0 0.0 0.0 8.062951e-05 0.0 0.0 0.0 0.0 0.0 0.0 0.28244328 0.0 0.0 0.0 0.0 6.941232e-05 0.0 0.0 0.0 0.0 0.00020872871 0.011645176 0.0 0.0 0.00069455215 0.0 0.0 0.0006314267 0.0 0.0 4.7242676e-05 0.0 0.0 0.0 0.0 0.0 0.0 0.0 0.0 0.0 0.0 0.0003864108 0.00042885102 0.0 0.0 8.674391 0.0 0.0 0.0 0.0 0.0 0.0 0.0 0.0 0.0 0.0 2.9946108e-05 0.0 0.13855991 0.0 0.0 6.415365e-05 0.0 0.0 
0.0 0.0 0.0 0.004293651 0.0 0.0 0.0 0.0 0.0 0.0024283372 1.6868479 0.0 0.0 0.0 0.0 0.0048150606 0.0 0.0 0.0 0.0 0.010931219 0.22468822 0.0 0.0 0.01307016 0.0 0.0 0.0039292867 0.0 0.0 0.0065104635 0.0 0.0 0.0013704345 0.0 0.0 0.0 0.0 0.0 0.0 0.0 0.0050952476 2.460033 0.0 0.0 10.87094 0.0 0.0 0.0 0.0 0.0 0.0 0.0 0.0 0.0 0.00010818913 0.007799989 0.0 0.034364294 0.0 0.008412927 0.00074211595 0.0 0.0 
0.0 0.0 0.0 0.013797806 0.0 0.0 6.689948e-05 0.0 0.0 0.0 0.016894681 0.0 0.0 0.0 0.0 0.012808728 0.0 0.0 3.5068955e-05 0.0 0.020987557 0.0 0.0 0.0 0.26200706 0.0 0.00033457723 0.0 0.0 0.0 0.01304975 0.0 0.0 0.0 0.0 0.002294869 0.0 0.0 0.0 0.0 0.0 0.63105255 1.7604408 0.0 0.0 0.0 0.0 0.0 0.0 0.0006499065 0.0 0.0 0.0 0.0 0.0 0.0 1.1606892 0.0 0.0 0.0 0.016684007 0.010930171 0.0 0.0 
0.0 0.06620814 0.0 0.0 0.0 0.029451482 0.023368377 0.0 0.0 0.0 0.51247627 0.0 0.0 0.0 0.0 0.0 0.01257266 0.029458484 0.10053088 0.0 0.0 0.0 0.0 0.0 0.0 0.41456348 0.22923025 0.0 0.0 0.21862243 0.0 0.0 0.0 0.0 0.0 0.0 0.0 0.0 0.0 0.0 0.0 0.0 0.0 0.0 0.0 0.0 0.0 0.09090859 0.0 0.4278277 0.0 0.0 0.46475765 0.0 0.0 0.0 0.0 0.019235425 0.007059747 0.0 0.0 0.0 0.0 0.0 
0.014509805 0.014016345 0.0 0.022112168 0.0 0.0 0.020716764 0.0 0.032564513 0.043255664 0.006777644 0.0 0.0 0.051307946 0.0 0.006210029 0.0 0.035306014 0.0017269999 0.036258206 0.017428458 0.0 0.021501534 0.01184123 0.030344509 0.0 0.056721844 0.014445327 0.06171386 0.0 0.04367186 0.0 0.0 0.0 0.040704392 0.0 0.0 0.05232931 0.012760341 0.03493464 0.0 0.0 0.047481157 0.0 0.0 0.0 0.036321864 0.045017272 0.0064013153 0.0 0.0 0.0 0.0 0.0 0.05007928 0.0 0.0 0.0085417405 0.0357448 0.022227794 0.034935914 0.0 0.019029252 0.0 
0.0 0.0 0.0 0.0 1.046396 0.0 0.0 0.0 0.0 0.0 0.0 0.0 0.0 0.0 0.0 0.0 0.0 0.0 6.436601e-05 6.319035e-05 0.0 0.0 1.0416309 0.0 0.0 0.0 0.0 0.0 1.1082921 0.0 0.0 0.0 0.080853194 0.0 0.0 0.0 0.0 0.0 0.0 0.72260565 0.0 0.0 0.0 0.12168863 0.0 0.0 0.0 0.0 0.001697726 0.0 0.001279153 0.0 0.0 0.84859896 0.0 0.0 0.0 0.0 0.0 0.0 0.0 0.0 0.0 0.0 
0.0009775604 0.0014591923 0.0 0.0 0.0 0.0 0.0 0.0 0.0 0.0 1.5082213 0.0 0.0010570837 0.0010336079 0.00043341826 0.0 0.0021832637 0.0 0.0 0.0 0.0 0.0 0.013443744 0.0 0.0005157845 0.013178804 0.0 0.0 0.012745981 0.010989101 0.0 0.0 0.0 0.0 0.0010352476 0.0 0.0 0.0 0.0 1.2482809 0.00018395545 0.0 0.0 1.333613 0.0 0.00020999725 0.0 0.0 0.0 0.0 0.0 0.0 0.007999462 0.0 0.0 0.0 0.0 0.009961586 0.0 0.0010230063 0.0 0.0 0.0010952516 0.0 
0.0009765971 0.0 0.00414493 0.0 0.0 0.0 0.0 0.0035955263 0.0041007567 0.0 9.040442 0.0 0.00025753878 0.00018523565 0.0 0.0 0.0 0.0 0.0 0.0050215144 0.0 0.0010095533 0.004010548 0.0 0.00012479722 0.0 0.0 0.0 0.0048235557 0.0 0.0 0.0041319784 0.0013669352 0.0 0.00017421189 0.0 0.004113278 0.0023414372 0.0040401756 0.0008400883 0.0 0.0016697377 0.00025977232 0.51226914 0.0 0.0011806777 0.0 0.0 0.0006061431 0.0 0.0011635744 0.0 0.0 0.000602936 0.0 0.0 0.0 0.0 0.0 0.0004752143 0.0 0.0 0.0004498238 0.0 
0.005072631 0.0 0.0 0.0 0.21374826 0.0 0.0 0.0 0.0 0.0 1.7956 0.0 0.002442198 0.0023606813 0.0005361788 0.0 0.0 0.0 0.0 0.0 0.0 0.003787916 0.068071805 0.0 0.0 0.001225871 0.0 0.0 0.07702622 0.00076373207 0.0 0.0 0.035507407 0.0 0.0023775222 0.0 0.0 0.0 0.0 0.0 0.0 0.0 0.0 0.0816813 0.0 0.0 0.0 0.0 0.0007832473 0.0 0.0010220011 0.0 0.0003101082 0.0 0.0 0.0 0.0 0.0 2.8968132e-05 0.0032989075 0.0 0.0 0.0030687614 0.0 
0.0033293688 0.00064286945 0.0 0.0 0.6804452 0.0 0.0 0.0 0.0 0.0 0.13622499 0.0 0.0020593014 0.0021620973 0.0 0.0 0.0 0.0 0.0 0.0 0.0 0.0049137194 0.045271743 0.0 0.0 0.0050248955 0.0 0.0 0.020542255 0.0053773685 0.0 0.0 0.011110978 0.0 0.0021429856 0.0 0.0 0.0 0.0 0.0 0.0 0.0 0.0 0.009162519 0.0 0.0 0.0 0.0 2.3867304e-05 0.0 0.0010843915 0.0 0.0034043766 0.0024541044 0.0 0.0 0.0 0.0019142965 0.0004033402 0.0025617206 0.0 0.0 0.0023187983 0.0 
0.0026935842 0.0042071287 0.0 0.0 0.32048407 0.0 0.0 0.0 0.0 0.0 0.010621265 0.0 0.0033067695 0.0036024307 0.0015009956 0.0 0.0 0.0 0.0 0.0 0.0 0.06065433 0.0049287784 0.0 0.0 0.0065170415 0.0 0.0007368637 0.0047246898 0.12950312 0.0 0.0 0.06681617 0.0 0.0035702076 0.0 0.0 0.0 0.0 0.0 0.0 0.0 0.0 0.00018792861 0.0 0.0 0.0 0.0 0.00028505916 0.0 0.6648124 0.0 0.004839478 0.0 0.0 0.0 0.0 0.0018669077 0.002076975 0.005376831 0.0 0.0 0.004112938 0.0004103961 
0.0 0.0011985592 0.0 0.0 0.0 0.0 0.0 0.0 0.0 0.0 0.025703564 0.0 0.0 0.0 0.0 0.0 0.00018191253 0.0 0.0 0.0 0.0 0.065319546 0.0 0.0 0.0 0.0028514662 0.0 0.0024738456 0.0 0.43049502 0.0 0.0 0.06985487 0.0 0.0 0.0 0.0 0.0 0.0 0.0 0.0 0.0 0.0 0.0 0.0 0.0 0.0 0.0 1.3563352 0.0 1.2814674 0.0 0.0021424172 0.0 0.0 0.0 0.0 0.0009812716 0.006739249 0.0 0.0015079596 0.0 0.0 0.0 
0.003290125 0.0010218524 0.0 0.0 0.0 0.0 0.0 0.0 0.0 0.0 0.01682805 0.0 0.00316625 0.0031796233 0.011620783 0.0 0.00013065351 0.0 0.0 0.0 0.0 0.0073558204 0.0 0.0 0.0 0.0019164337 0.0 0.48851123 0.0 0.0018745428 0.0 0.0 0.0 0.0 0.003219726 0.0 0.0 0.0 0.0 0.0 0.0 0.0 0.0 0.0 0.0 0.0 0.0 0.0 0.64543897 0.0 0.14466183 0.0 0.0014847314 0.0 0.0 0.0 0.0 0.0010029837 0.067728475 0.004570657 0.26486608 0.0 0.0033728734 0.045739524 
0.011436632 0.00051614887 0.0 0.0 0.0 0.0 0.0 0.0 0.0 0.0 0.0 0.0 0.01942573 0.040561065 0.6694528 0.0 0.0 0.0 0.0 0.0 0.0 0.0 0.0 0.0 0.0 0.0012901918 0.0 0.005985504 0.0 0.0012049376 0.0 0.0 0.0 0.0 0.03997791 0.0 0.0 0.0 0.0 0.0 0.0 0.0 4.5038473e-06 0.0 0.0 0.0 0.0 0.0 0.0 0.0 0.00020257832 0.0 0.00093308574 0.0 0.0 0.0 0.0 0.00050771696 0.1551169 0.045061085 3.016812 0.0 0.050199013 0.16137592 
0.003269203 0.0 0.0 0.0 0.0 0.0 0.0 0.0 0.0 0.0 0.0 0.0 0.0017621425 0.002747879 0.39497834 0.0 0.0 0.0 0.0 0.0 0.0 0.0 0.0 0.0 0.00029413338 0.0 0.0 0.0 0.0 0.0 0.0 0.0 0.0 0.0 0.0026242938 0.0 0.0 0.0 0.0 0.0 0.0 0.00057006656 0.00052131584 0.0 0.0 0.18396452 0.0 0.0 0.0 0.0 0.0 0.0 0.0 0.0 0.0 0.0 0.0001330291 0.0 0.0 0.003248681 6.7190433 0.0 0.012741722 3.90573e-05 
0.0021331774 0.0 0.0 0.0 0.0 0.0 0.0 0.0 0.0 0.0 0.0007741946 0.0 0.0020805127 0.002081178 0.021076415 0.0 0.0 0.0 0.0 0.0 0.00021345785 0.0019990013 0.0 0.0 0.00020567012 0.0 0.0 0.0 0.0 0.0 0.0 0.0 0.0 0.0 0.0020844084 0.00012447349 0.0 0.0 0.0 0.0 0.002452156 0.00021330065 0.00016501034 0.0 0.0 0.9622358 0.0 0.0 0.0 0.0 0.0 0.0 0.0 0.0 0.0 0.0 0.00014704365 0.0 0.05024009 0.0020773036 12.133834 0.0 0.0022166814 0.001654082 
0.003539939 0.0 0.0 0.0047756177 0.0 0.0 0.0 0.0 0.0 0.003031999 0.0262841 0.0 0.0031895083 0.0032583107 0.0037848726 0.003962794 0.0 0.0 0.0 0.0 0.0047396678 0.029118061 0.0 0.0 0.00045524313 0.0 0.0 0.009631053 0.0 0.0 0.0049940506 0.0 0.0 0.0036840586 0.0032696684 0.003462105 0.0 0.0 0.0 0.0 0.005231386 0.00047413286 0.0005058653 0.0 0.0 4.444372 0.0 0.0 0.0 0.0 0.0 0.0 0.0 0.0 0.0 0.00227806 0.00040954642 0.0 0.06415375 0.0032863705 2.8768353 0.0004756881 0.0034616266 0.007889873 
0.0 0.0 0.0 0.014812667 0.0 0.0 0.0 0.0 0.0 0.058663413 0.0 0.0 0.0 0.0 0.0 0.016078902 0.0 0.0 0.0 0.0 0.010548626 0.0 0.0 0.0 0.0009016625 0.0 0.0 0.0 0.0 0.0 0.0141578615 0.0 0.0 0.010370399 0.0 0.0038910164 0.0 0.0 0.0 0.0 0.00021047704 0.00062911067 0.0011689602 0.0 0.0037704324 3.018141 0.0 0.0 0.0 0.0 0.0 0.0 0.0 0.0 0.0 0.0037202507 0.00046894347 0.0 0.00057351013 0.0 2.0113912 0.009589265 0.0 0.0 
0.0 0.0 0.0 0.0 0.0 0.0 0.0 0.0 0.0 0.3819467 0.0 0.0 0.0 0.0 0.0 0.0 0.0 0.0 0.0 0.0 0.0 0.2019331 0.0 0.0 0.00523563 0.0 0.0 0.1509749 0.0 0.0 0.0 0.0 0.0 0.013614503 0.0 0.0 0.0 0.0 0.0 0.0 0.0 0.00720064 1.1817106 0.0 0.0 0.0 0.0 0.0 0.0 0.0 0.0 0.0 0.0 0.0 0.0007159998 0.0021380673 0.009182869 0.0 1.0108505 0.0 0.0 0.0 0.0 0.0 
0.0 0.0 0.2965637 0.0 0.0 0.0 0.0 0.30252925 0.2768527 0.0 0.0 0.0 0.0 0.0 0.0 0.0 0.0 0.0 0.0 0.26705527 0.0 0.002400856 0.0 0.0 0.0 0.0 0.0 0.0 0.0 0.0 0.0 0.31081006 0.0 0.0 0.0 0.0 0.18453474 0.0 0.094675384 0.0 0.0 0.0 0.0 0.0 0.0 0.0 0.0 0.0 0.0 0.0 0.0 0.0 0.0 0.0 0.0 0.0 0.0 0.0 0.0 0.0 0.035986487 0.0 0.0 0.0 
0.0 0.054158814 0.039562985 0.028218523 0.04263331 0.05071398 0.03817401 0.0 0.044873036 0.036679275 0.0 0.0 0.033865996 0.024849772 0.02581808 0.037233792 0.01615905 0.033593222 0.032200716 0.023561522 0.019928597 0.02100879 0.0 0.0 0.0 0.0 0.0010464117 0.0 0.030043982 0.0 0.026218086 0.058833264 0.0 0.052984767 0.0 0.0 0.03561032 0.011890329 0.0 0.0 0.058604196 0.0 0.049064025 0.03601622 0.0 0.059719503 0.0 0.024425052 0.0 0.0 0.0 0.05597166 0.05521977 0.004961394 0.056864038 0.021392576 0.0 0.0 0.0 0.034928344 0.0024086311 0.0 0.048193254 0.025968581 
0.0 0.0 0.0 0.003627541 0.0043309215 0.0 0.0 0.0 0.0 0.0 1.6771691 0.0 0.0 0.0 0.0 0.0 0.0 0.0 0.0 0.0 0.0 0.81241304 0.0 0.012686817 0.0 0.0 0.0015210839 0.6537529 0.0 0.0 0.002636331 0.0 0.008139923 0.0 0.0 0.0 0.0 0.0 0.0 0.00633334 0.0 0.0 0.00043335435 0.00023219062 0.0 0.0 0.0 0.006011417 0.0 0.040537495 0.0 0.0 0.0 0.0 0.017730527 0.0 0.0 0.00027106114 1.0449363 0.0 7.3909425e-05 0.0 0.0 0.49478742 
0.0 0.0 0.0 0.0 0.0053245565 0.0 0.0 0.0 0.0 0.010555012 0.9778599 0.29072386 0.0 0.0 0.0 0.0009625134 0.0 0.0 0.0 0.0 0.0 0.013244307 0.013250008 3.203333 0.0 0.0 0.0 0.0 0.013142594 0.0 0.0030184805 0.0 0.00872551 0.0106080435 0.0 0.0 0.0 0.0 0.0 0.18197332 0.0 0.0 0.0 0.06493558 0.010257195 0.0 0.055608824 0.0 0.0 0.0 0.0 0.020764284 0.0 0.010020505 2.9236665 2.2466295 0.0 0.0 0.0 0.0 0.012036115 0.0 0.0 0.0 
0.0008604788 0.0 0.0 0.0 0.016475435 0.0 0.0 0.0 0.0 0.0 0.0 0.0043776357 8.6422966e-05 0.0 0.0 0.0 0.0 0.0 0.0 0.0 0.0 0.0 0.067133285 2.542338 0.0 0.0 0.0 0.0 0.07306942 0.0 0.0 0.0 0.00612842 0.0 0.0 0.0 0.0 0.0 0.0 0.05963973 0.0 0.0 0.0 0.53878593 0.0 0.0 0.0035303303 0.0 0.0 0.0 0.0 0.002676591 0.0 0.012194465 1.0140438 2.2787867 0.0 0.0 0.0 1.4494993e-06 0.0 0.0 0.00018480785 0.0 
0.0 0.0 0.0 0.0 0.046622373 0.0 0.0 0.0 0.0 0.0 0.000549958 0.0014988175 0.0 0.0 0.0 0.0 0.0 0.0 0.0 0.0 0.0 0.0014712359 0.0025648335 4.315103 0.0 0.0 0.0 0.0 0.0025612572 0.0 0.0 0.0 0.0018156784 0.0 0.0 0.0 0.0 0.0 0.0 0.001383878 0.0 0.0 0.0 0.4837374 0.0 0.0 0.0014353961 0.0 0.0 0.0 0.0 0.00076976884 0.0 0.0013135832 0.69335675 3.055641 0.0 0.0 0.0 0.0 0.0 0.0 0.0 0.0 
0.0 0.0 0.0 0.0 0.42746776 0.0 0.0 0.0 0.0 0.0 0.12301689 0.0010429297 0.0 0.0 0.0 0.0 0.0 0.0 0.0 0.0 0.0 0.0023169187 0.0 1.4016874 0.0 0.0 0.0 0.0 0.0 0.0 0.0 0.0 0.0 0.0 0.0 0.0 0.0 0.0 0.0 0.0 0.0 0.0 0.0 0.0 0.0 0.0 0.0010823995 0.0 0.0 0.0 0.0 0.0 0.0 0.0 0.000922367 2.2408504 0.0 0.0 0.0 0.0 0.0 0.0 0.0 0.0 
0.0 0.0 0.0 0.0 0.5682917 0.0 0.0 0.0 0.0 0.0 0.37115163 0.0041411854 0.0 0.0 0.0 0.0 0.0 0.0 0.0 0.0 0.0 0.002104165 0.0 1.144614 0.0 0.0 0.0 0.0024167453 0.0 0.0 0.0 0.0 0.0 0.0 0.0 0.0 0.0 0.0 0.0 0.0 0.0 0.0 0.0 0.0 0.0 0.0 0.0040912163 0.0 0.0 0.0 0.0 0.0008321891 0.0 0.0 0.0018285221 10.093217 0.0 0.0 0.0022142383 0.0 0.0 0.0 0.0 0.00014479834 
0.0 0.0 0.0 0.0 0.03015471 0.0 0.0 0.0 0.0 0.0004759602 0.22108106 5.065342e-06 0.0 0.0 0.0 0.0 0.0 0.0 0.0 0.0 0.0 0.0001061182 0.00025507278 0.5879564 0.0 0.0 0.0 0.14185475 0.00025307166 0.0 0.0 0.0 0.00013007024 0.00089657854 0.0 0.0 0.0 0.0 0.0 0.0 0.0 0.0 0.0 0.00011729527 0.0 0.0 1.8005932e-05 0.0 0.0 0.0 0.0 6.0693685e-05 0.0 0.00022811463 0.0 18.238165 0.0 0.0 0.007267966 0.0 0.0 0.0 0.0 0.0 
0.0 0.0 0.0 0.0 0.0 0.0 0.0 0.0 0.0 0.0022752825 0.00599899 0.00010321921 0.0 0.0 0.0 0.0 0.0 0.0 0.0 0.0 0.0 0.0055755787 0.0 0.587072 0.0 0.0 0.0 0.49036068 0.0 0.0 0.0 0.0 0.0 0.0036324754 0.0 0.0 0.0 0.0 0.0 0.0 0.0 0.0 0.0 0.0 0.0 0.0 0.00010811383 0.0 0.0 0.0 0.0 0.00013383923 0.0 0.0 0.0 10.8798895 0.0 0.0 0.011692356 0.0 0.0 0.0 0.0 0.0 
0.00065765716 0.0 0.0 0.0 0.0 0.0 0.0 0.0 0.0 0.004826983 0.0 0.0 0.0005885523 0.0005995591 0.00026565697 0.0 0.0 0.0 0.0 0.0 0.0 0.0 0.0 0.0 0.0 0.0 0.0 0.16733797 0.0 0.0 0.0 0.0 0.0 0.18895368 0.0006037896 0.0 0.0 0.0 0.0 0.0 0.00025907008 0.0 0.0 0.0 0.0 0.0 0.0 0.0 0.0 0.0 0.0 0.0 0.0 0.0 0.0 21.12841 0.0 0.0 0.00057331956 0.0005954608 0.0017301693 0.0 0.00062235555 0.0 
0.000785136 0.0 0.0 0.0 0.0 0.0 0.0 0.0 0.0 0.00033361357 0.0 0.0 0.0008249665 0.0008305434 0.0005784605 0.0 0.0 0.0 0.0 0.0 0.0 0.0 0.0 0.0 0.0 0.0 0.0 0.0 0.0 0.0 0.0 0.0 0.0 1.2366501 0.0008322718 0.0 0.0 0.0 0.0 0.0 0.00087493914 0.0 0.0 0.0 0.0 0.0 0.0 0.0 0.0 0.0 0.0 0.0 0.0 0.0 0.0 13.550283 0.0 0.0 0.12586315 0.0008161781 0.007022294 0.0 0.00087950425 0.0 
0.0009192498 0.0 0.0 0.0 0.0 0.0 0.0 0.0 0.0 0.017440636 0.0 0.0 0.0010918826 0.0010950197 0.00084681757 0.0 0.0 0.0 0.0 0.0 0.0 0.0041600373 0.0 0.0 0.0001287569 0.0 0.0 0.0 0.0 0.0 0.0 0.0 0.0 3.8373923 0.0010960613 0.0 0.0 0.0 0.0 0.0 0.0021983 0.00012013576 0.00013630743 0.0 0.0018516846 0.0019551713 0.0 0.0 0.0 0.0 0.0 0.0 0.0 0.0 0.0 1.9926116 0.0001905567 0.0 0.016672669 0.0010876098 0.0 0.0 0.0011819053 0.0 
0.0 0.0 0.0 0.0 0.0 0.0 0.0 0.0 0.0 0.39966756 0.014032005 0.0 0.0 0.0 0.0 0.0 0.0 0.0 0.0 0.0 0.0 0.010496971 0.0 0.0 0.00027984602 0.0 0.0 0.0061359103 0.0 0.0 0.0 0.0 0.0 5.505123 0.0 0.0 0.0 0.0 0.0 0.0 0.0 0.00027076819 0.00031201675 0.0 0.0 0.00036168846 0.0 0.0 0.0 0.0 0.0 0.0 0.0 0.0 0.0 0.013155381 0.00028254127 0.0 0.02069948 0.0 0.022955978 0.0 0.0 0.0035107697 
0.005233431 0.0 0.0 0.003818701 0.0 0.0 3.3418848e-05 0.0 0.0 0.7681924 0.113199644 0.0 0.0046344195 0.004369819 0.011359824 0.0024307477 0.0 0.0 0.0 0.0 0.00013050837 0.40678808 0.0 0.0 0.0008095793 0.0 0.0 0.0034835346 0.0 0.0 0.00023501525 0.0 0.0 4.130518 0.0043743933 0.0 0.0 0.0 0.0 0.0 0.0 0.0008110255 0.0010879233 0.0 0.011030786 0.01612025 0.0 0.0 0.0 0.0 0.0 0.0 0.0 0.0 0.0 0.023334693 0.0007050537 0.0 0.60958606 0.0042444915 0.014038864 0.0063369866 0.004443036 0.010987279 
0.0 0.0 0.0 0.0 0.0 0.0 0.012772159 0.0 0.0 0.0084410105 0.0 0.0 0.0 0.0 0.0 0.0 0.0 0.010173805 0.00080792466 0.0 0.0 0.008290343 0.0 0.0 0.3513286 0.0 0.0061016423 0.022439541 0.0 0.0 0.0 0.0 0.0 0.0023727708 0.0 0.0 0.0 0.0 0.0 0.0 0.0 1.1900194 1.9492804 0.0 0.00049554557 2.2995179 0.0 0.0 0.0 0.0 0.0 0.0 0.0 0.0 0.0 0.0029410184 0.20946412 0.0 0.24265017 0.0 0.0 0.0 0.0 0.010041004 
0.0 0.0 0.0 0.0 0.0 0.035589635 0.03589832 0.0 0.0 0.0 0.0 0.028796889 0.0 0.0 0.0 0.0 0.0 0.0036668312 0.061207876 0.0 0.33160695 0.0 0.0 0.0 1.1982067 0.000884054 0.0008548301 0.0 0.029435182 0.0 0.0 0.0 0.0 0.0 0.0 0.5065717 0.0 0.68868506 0.0 0.22778016 0.0 1.2733489 1.5877945 0.014811504 0.0 0.9985746 0.0 0.011867279 0.0 0.010651248 0.0 0.22353557 5.120436e-05 0.0 0.009107005 0.0 1.2891152 0.0 0.0 0.0 0.0 0.0 0.0 0.0 
0.0 0.05133488 0.011394605 0.0 0.0 0.0 0.0 0.06072239 0.0 0.019259326 0.04446555 0.0 0.05677133 0.05628787 0.0014517531 0.0 0.0 0.0 0.0 0.033435896 0.0 0.0 0.00876338 0.028190002 0.009741418 0.034336038 0.0 0.062105373 0.0 0.0 0.0 0.0 0.053241536 0.0 0.00401929 0.031889103 0.057653412 0.0 0.0 0.05525028 0.05247459 0.003928028 0.011536576 0.0 0.027262636 0.009584576 0.0 0.0 0.0 0.0 0.038456418 0.0 0.05822642 0.0056254864 0.008462034 0.0 0.0 0.05572126 0.0 0.044758 0.003392011 0.0 0.0 0.012394182 
0.028466724 0.037306614 0.018221833 0.034481063 0.0 0.0 0.0 0.020101942 0.0 0.0022481307 0.050672226 0.053312562 0.0 0.0 0.0 0.04391326 0.030410036 0.0 0.030197091 0.02731824 0.0 0.0 0.0 0.0 0.018258333 0.03469968 0.0 0.03008411 0.0 0.036691025 0.024870716 0.0 0.0328537 0.0070920587 0.0 0.0 0.043958247 0.0 0.0 0.0 0.0 0.00406418 0.0 0.023056924 0.0 0.060160056 0.0 0.0 0.009303965 0.0 0.0 0.024255097 0.0 0.0 0.031268276 0.011276744 0.0057544187 0.0 0.0 0.0 0.034081526 0.052279405 0.0041213334 0.0 
0.0 0.0 0.0 0.0 0.0 0.0 0.0 0.0 0.0 0.72672975 0.0 0.0024548732 0.0 0.0 0.0 0.0028962113 0.0 0.0 0.0 0.0 0.0024382449 0.0 0.0 0.0 0.0 0.0 0.0 0.0 0.0 0.0 0.0070503405 0.0 0.0 0.013527306 0.0 0.0 0.0 0.0 0.0 0.0 0.0 0.0 0.0 0.0 0.24849504 0.0 0.0024856399 0.0 0.0 0.0 0.0 0.0024982078 0.0 0.0 0.0018542534 0.017176617 3.723702e-05 0.0 0.0 0.0 0.008533255 0.0 0.0 0.0 
0.0 0.0 0.0 0.0 0.0 0.0 0.0 0.0 0.0 0.004650319 0.0 1.3470789 0.0 0.0 0.0 0.0 0.0 0.0 0.0 0.0 0.0 0.0 0.0 0.93531495 0.0 0.0 0.0 0.0 0.0 0.0 0.0077496497 0.0 0.0 0.003920647 0.0 0.0 0.0 0.0 0.0 0.0 0.0 0.0 0.0 0.0 0.0 0.0 1.1306069 0.0 0.0 0.0 0.0 1.1585809 0.0 0.0 0.0018888037 0.006405338 0.0 0.0 0.0 0.0 0.00954611 0.0036180164 0.0 0.0 
0.0 0.0 0.0 0.0 0.0 0.0 0.0 0.0 0.0 0.0 0.0 6.0474095 0.0 0.0 0.0 0.0 0.0 0.0 0.0 0.0 0.0 0.0 0.0 5.650552 0.0 0.0 0.0 0.0 0.0 0.0 0.0 0.0 0.0 0.0 0.0 0.0 0.0 0.0 0.0 0.0 0.0 0.0 0.0 0.0 0.0 0.0 4.792577 0.0 0.0 0.0 0.0 5.7387614 0.0 0.0 3.304074 0.0 0.0 0.0 0.0 0.0 0.0 0.0 0.0 0.0 
0.0 0.0 0.0 0.0 0.0 0.0 0.0 0.0 0.0 0.0 0.0 1.5938933 0.0 0.0 0.0 0.0 0.0 0.0 0.0 0.0 0.0 0.0 0.0 2.3644783 0.0 0.0 0.0 0.0 0.0 0.0 0.0 0.0 0.0 0.0 0.0 0.0 0.0 0.0 0.0 0.0 0.0 0.0 0.0 0.0 0.0 0.0 0.2548749 0.0 0.0 0.0 0.0 2.0490036 0.0 0.0 0.0009184533 0.0010143172 0.0 0.0 0.0 0.0 0.0 0.0 0.0 0.0 
0.0 0.0 0.0 0.0 0.0 0.0 0.0 0.0 0.0 0.0 0.46330172 1.1977795 0.0 0.0 0.0 0.0 0.0 0.0 0.0 0.0 0.0 0.023041835 0.0 2.570256 0.0 0.0 0.0 0.020828702 0.0 0.0 0.0 0.0 0.0 0.0 0.0 0.0 0.0 0.0 0.0 0.0 0.0 0.0 0.0 0.0 0.0 0.0 0.8034889 0.0 0.0 0.0 0.0 2.1791496 0.0 0.0 0.0 2.3218262 0.0 0.0 0.035661336 0.0 0.0 0.0 0.0 0.0 
0.0 0.0 0.0 0.0 0.0 0.0 0.0 0.0 0.0 0.0022008982 0.014252406 1.297087 0.0 0.0 0.0 0.0 0.0 0.0 0.0 0.0 0.0 0.014951236 0.0 1.8386986 0.0 0.0 0.0 0.007826971 0.0 0.0 0.0 0.0 0.0 0.0022231846 0.0 0.0 0.0 0.0 0.0 0.0 0.0 0.0 0.0 0.0 0.0 0.00030948466 0.8494076 0.0 0.0 0.0 0.0 2.3400369 0.0 0.0 0.0 7.5443845 0.0 0.0 0.008130403 0.0 0.0 0.0 0.0 0.0 
0.0 0.0 0.0 0.0 0.0 0.0 0.0 0.0 0.0 0.0077085313 0.0033541976 1.2929467 0.0 0.0 0.0 0.0 0.0 0.0 0.0 0.0 0.0 0.0051038545 0.0 1.4313883 0.0 0.0 0.0 0.0007413044 0.0 0.0 0.0 0.0 0.0 0.007046701 0.0 0.0 0.0 0.0 0.0 0.0 0.0 0.0 0.0 0.0 0.0 0.00025961493 0.99509376 0.0 0.0 0.0 0.0 2.2549543 0.0 0.0 0.0 10.24439 0.0 0.0 0.0005346642 0.0 0.0 0.0 0.0 0.0 
0.0 0.0 0.0 0.0 0.0 0.0 0.0 0.0 0.0 0.0 0.07308225 0.011376974 0.0 0.0 0.0 0.0 0.0 0.0 0.0 0.0 0.0 0.0 0.0 0.4964302 0.0 0.0 0.0 0.022465989 0.0 0.0 0.0 0.0 0.0 0.0 0.0 0.0 0.0 0.0 0.0 0.0 0.0 0.0 0.0 0.0 0.0 0.0 0.994751 0.0 0.0 0.0 0.0 1.4180363 0.0 0.0 0.0 7.3399267 0.0 0.0 0.0021283373 0.0 0.0 0.0 0.0 0.0 
0.0 0.0 0.0 0.0 0.0 0.0 0.0 0.0 0.0 0.00048921205 0.024712136 0.0005454577 0.0 0.0 0.0 0.0 0.0 0.0 0.0 0.0 0.0 0.022286056 0.0 0.00050458673 0.0 0.0 0.0 0.017381027 0.0 0.0 0.0 0.0 0.0 0.0 0.0 0.0 0.0 0.0 0.0 0.0 0.0 0.0 0.0 0.0 0.0 0.0 0.34170553 0.0 0.0 0.0 0.0 0.702354 0.0 0.00067033875 0.0 4.8547316 0.0 0.0 0.027649522 0.0 0.0 0.0 0.0 0.0027635957 
0.0 0.0 0.0 0.0 0.0 0.0 0.0 0.0 0.0 0.0034014704 0.020582683 0.0 0.0 0.0 0.0 0.0 0.0 0.0 0.0 0.0 0.0 0.016024226 0.0 0.0 0.0 0.0 0.0 0.013071734 0.0 0.0 0.0 0.0 0.0 0.04772667 0.0 0.0 0.0 0.0 0.0 0.0 0.0 0.0 0.0 0.0 0.0011734951 0.0 0.0 0.0 0.0 0.0 0.0 0.0 0.0 0.004799995 0.0 5.695013 0.0 0.0 0.02249294 0.0 0.0 0.0 0.0 0.00873102 
0.0 0.0 0.0 0.0 0.0076808487 0.0 0.0 0.0 0.0 0.01244212 0.62308425 0.9004821 0.0 0.0 0.0 0.0 0.0 0.0 0.0 0.0 0.0 0.26455075 0.0076877195 0.0 0.0 0.0 0.0 0.014366072 0.007615423 0.0 0.0 0.0 0.0003510568 0.021119066 0.0 0.0 0.0 0.0 0.0 0.005760212 0.0 0.0 0.0 0.006079733 0.00066134054 0.0 0.2753669 0.0 0.0 0.0 0.0 0.28801078 0.0 0.005305798 0.86460227 1.0132184 0.0 0.0 0.1147371 0.0 0.0 0.0 0.0 0.014085009 
0.0 0.0 0.0 0.0 0.0 0.0 0.0 0.0 0.0 0.0 0.0 2.2345116 0.0 0.0 0.0 0.0 0.0 0.0 0.0 0.0 0.0 0.0 0.0 2.0745509 0.0 0.0 0.0 0.0 0.0 0.0 0.0 0.0 0.0 0.0 0.0 0.0 0.0 0.0 0.0 0.0 0.0 0.0 0.0 0.0 0.0 0.0 1.9718268 0.0 0.0 0.0 0.0 2.161294 0.0 0.0 0.08963775 0.0021393294 0.0 0.0 0.0 0.0 0.0 0.0 0.0 0.0 
0.039416306 0.051193662 0.00020334125 0.01568462 0.03820128 0.0 0.050321765 0.0 0.034925766 0.0 0.014358267 0.011605784 0.054139704 0.0 0.0002944693 0.03562727 0.017336406 0.010054536 0.00050602853 0.03278973 0.018785767 0.0 5.1282346e-05 0.038505405 0.0 0.0 0.048160225 0.0 0.0 0.030018374 0.05774323 0.0 0.0 0.05456104 0.05816771 0.0 0.0 0.0 0.0 0.0 0.0 0.0 0.012288459 0.0 0.0 0.0 0.033633396 0.0006636679 0.0 0.01576756 0.019888006 0.057614937 0.05855252 0.0073203817 0.060732394 0.0 0.016275324 0.0 0.022905797 0.055350848 0.009110227 0.0 0.0 0.038931146 
0.030451335 0.021791004 0.042237483 0.023118697 0.05049433 0.0 0.0 0.003602177 0.0 0.028270409 0.039945506 0.0 0.020282418 0.032340653 0.031151645 0.05511871 0.0 0.0 0.033110313 0.0 0.0 0.0 0.001883775 0.0 0.028873034 0.0 0.05851098 0.0 0.0 0.031137206 0.030314818 0.042001814 0.0 0.0 0.0 0.04759229 0.0 0.04473182 0.05428706 0.0 0.0 0.0 0.0 0.029506281 0.005675584 0.0 0.059634104 0.0 0.0 0.05014222 0.018235527 0.043667845 0.0 0.0117429495 0.0003585145 0.0 0.0 0.0 0.06037312 0.052050404 0.0 0.0 0.03741903 0.0 
