0.0 0.0 0.0 0.0 0.0 0.0 0.0 0.0 16.496498 0.0 
0.26690972 0.0 0.0 0.0 0.0 0.0 0.0 0.0 0.00013549658 0.0 
0.0 3.3253095 3.50832e-05 0.0 0.0 0.0 0.0 0.0 0.0 0.0 
0.0 0.0 0.0 0.0002906806 0.20312189 0.0 0.00096564955 0.0 0.0 0.0 
0.0 0.0 0.0 0.43421894 0.0 0.00028345443 0.0 0.0 0.0055509964 0.0 
0.0 0.0 0.0 0.0 0.0 0.0 1.4098823 0.0 0.0 0.0 
0.0 0.0 0.0024153618 0.0 0.0 0.0 0.35327226 0.0 0.00045878597 0.0 
0.0 14.700577 0.0 0.0 0.0 0.0 0.0 0.0 1.1788344 0.0 
0.0 6.305761 0.0 0.0 0.0 0.0 0.0 0.0 0.0 0.0 
0.0 0.0 2.3531873e-05 0.0 0.0 0.0 6.978554e-05 0.0 0.0 7.5506153 
0.0008272701 0.0 0.0 0.0 0.0 0.5832074 0.0 0.0 0.0 0.0 
0.0 0.0 0.0 0.0 0.0 0.0 0.0 1.0231781 0.0 0.0 
0.0 0.0 0.0 0.0 0.0 0.0 0.0 0.0 15.208211 0.0 
0.0 0.0 0.0 0.0 0.0 0.0 0.0 0.0 16.426374 0.0 
0.004158764 0.0 0.0 0.0 0.0 0.0 0.0 0.0 0.20719884 0.0 
0.0 0.0 0.0 0.0 11.183051 0.0 0.0 0.0 0.0 1.4354293 
0.44353217 0.0 0.0 0.0 0.041801464 0.0 0.0 0.0 0.0 0.0 
0.0 0.0 0.0 0.0 0.0 0.0 0.8511474 0.0 0.0 0.0 
0.0 0.0 0.0 0.00086669385 0.0 0.0 0.29346097 0.0 0.0 0.0 
0.0 0.78879356 0.0 0.0420225 0.0 0.0 0.0 0.0 0.0 0.0 
0.0 0.0 0.13787991 0.0 0.36809555 0.0 0.0 0.0 0.01634473 0.038469534 
0.0005407601 0.0 0.0 0.0 0.0 0.34585875 0.0 0.0 0.00053995766 0.0 
0.0 0.0 0.0 9.840756 0.0 0.0 0.0 0.0 0.0 0.0 
0.0 0.0 0.0 0.0 0.0 0.0 0.0 0.27730408 0.0 0.0 
0.001078788 0.0 0.21951495 0.0 0.0 0.0 0.0 0.0 0.0 0.0 
25.403574 0.0 0.0 0.0 0.0 0.0 0.0 0.0 0.0 0.0 
0.0 0.0 0.0 0.0 0.0 0.0 1.2047977 0.0 0.0 0.0 
0.0 0.0 0.0 0.0007300742 0.0 0.104017876 0.0007721032 0.0 0.0 0.0 
0.0 0.0 0.0 14.039698 0.0 0.0 0.0 0.0 0.0 0.0 
22.622614 0.0 0.0 0.0 0.0 0.0 0.0 0.0 0.0 0.0 
2.0217738e-05 0.0 0.0 0.0 0.22080368 0.0 0.001008923 0.0 0.0 3.534989e-05 
0.0 8.54085 0.0 0.0 0.0 0.0 0.0 0.0 0.0 0.0 
0.0 0.0 0.0 2.64292 0.0 0.0 0.0 0.0 0.51390356 0.0 
0.0 0.0 0.0 0.0 0.0 0.0 0.0 0.0 0.12248889 0.80400753 
0.0 0.0 0.0 0.0 0.0 0.0 0.0 0.0 17.040802 0.0 
0.0 0.0001817724 0.06416845 0.0 0.12914388 0.0 0.0 0.0 0.17419675 0.0 
0.0 9.479702 0.0 0.0 0.0 0.0 0.0 0.0 0.0 0.0 
0.0 0.80897397 0.14615312 0.0 0.0 0.0 0.00028843855 0.009823315 0.0 0.0 
0.0 1.2125362 0.0 0.0 0.0 0.0 0.0 0.0 0.0 0.0 
0.0 0.0 0.037419558 0.72891104 0.0 0.0 0.0 0.0 0.0 0.0 
0.0 0.0 0.07518818 0.0 0.0 0.0 0.19656464 0.0 0.62574494 0.0 
0.00074215204 0.0 0.40146923 0.0072511085 0.0 0.0 0.0 0.0 0.0 0.0 
0.0 0.0 0.63980144 0.0 0.0 0.0 0.0 0.0 0.0 0.0 
0.0 0.0 0.0 0.8350178 0.0 0.0 0.0 0.0 0.0 0.0 
0.14057821 0.0 0.0 0.0 0.06998968 0.010785694 0.0012229297 0.0 0.0 0.15893109 
0.0 0.0 0.42494798 0.0 0.0 0.0 0.0 0.0 0.0 0.0 
0.0 0.0 0.0 0.0 0.0 0.0 0.0 1.4127369 0.0 0.0 
0.09598391 0.0 0.0 0.0 0.0 0.0003629163 0.57119125 0.0 0.0 0.0 
0.12190311 0.0 0.0 0.21181737 0.0 0.015078235 0.0 0.0 0.27667174 0.0 
0.00011701222 0.0 0.0 0.0 0.0 0.0 0.29710415 0.0 1.6094273e-05 0.0 
0.23932384 0.0 0.0 0.12014842 0.0 0.0019177479 0.0 0.0 0.16159938 0.0 
0.0 0.0 0.052882694 0.0 0.0 0.0 0.0 0.43515578 0.0 4.0517654e-05 
0.40237665 0.0 0.0 0.0 0.0 0.0 0.0045916564 0.0 0.0 0.0 
0.0 0.0 0.0 14.879717 0.0 0.0 0.0 0.0 0.0 0.0 
0.0 0.0 0.0 0.0 0.0 0.0 0.0 0.44382674 0.0 0.0 
0.0 0.0 0.0 0.0 0.0 0.0 0.0 0.60203856 0.0 0.9961476 
0.0 0.0 0.40352806 0.0 0.00220899 0.0 0.0 0.0 0.0 3.1390304e-05 
0.28948146 0.0 0.0 0.0 0.0 0.0 0.0034042816 0.0 0.0 0.0 
0.0 0.0 0.0 0.0 0.0 0.5128223 0.0 0.0 0.0 0.0 
0.0 0.0 0.0 0.0 0.0 0.0 0.0 0.0 16.132906 0.0 
0.0 0.0 0.0 0.0 0.34340343 0.0 0.0 0.0 0.0 0.0 
0.00065211515 0.0 0.0 0.0 0.34218374 0.0 1.1077032e-05 0.0 0.0 0.002350145 
0.0 0.0 0.0 0.0 0.0 0.0 0.0 0.0 3.163671 0.0 
0.0 0.0 0.0 0.0 0.0 0.456068 0.0 0.0 0.441912 0.0 
