0 3 0 1 2 7 9 18446744073709551609 18446744073709551612 18446744073709551614 
0 132 0 1 2 7 9 18446744073709551609 18446744073709551612 18446744073709551614 
1 4 0 1 6 18446744073709551612 
1 5 0 
1 6 0 1 6 18446744073709551612 
1 7 0 
1 8 0 1 6 18446744073709551612 
1 9 0 
1 10 0 1 6 18446744073709551612 
1 11 0 
1 12 0 1 6 18446744073709551612 
1 13 0 
1 14 0 1 6 18446744073709551612 
1 15 0 
1 16 0 1 6 18446744073709551612 
1 17 0 
1 18 0 1 6 18446744073709551612 
1 19 0 
1 20 0 1 6 18446744073709551612 
1 21 0 
1 22 0 1 6 18446744073709551612 
1 23 0 
1 24 0 1 6 18446744073709551612 
1 25 0 
1 26 0 1 6 18446744073709551612 
1 27 0 
1 28 0 1 6 18446744073709551612 
1 29 0 
1 30 0 1 6 18446744073709551612 
1 31 0 
1 32 0 1 6 18446744073709551612 
1 33 0 
1 34 0 1 6 18446744073709551612 
1 35 0 
1 36 0 1 6 18446744073709551612 
1 37 0 
1 38 0 1 6 18446744073709551612 
1 39 0 
1 40 0 1 6 18446744073709551612 
1 41 0 
1 42 0 1 6 18446744073709551612 
1 43 0 
1 44 0 1 6 18446744073709551612 
1 45 0 
1 46 0 1 6 18446744073709551612 
1 47 0 
1 48 0 1 6 18446744073709551612 
1 49 0 
1 50 0 1 6 18446744073709551612 
1 51 0 
1 52 0 1 6 18446744073709551612 
1 53 0 
1 54 0 1 6 18446744073709551612 
1 55 0 
1 56 0 1 6 18446744073709551612 
1 57 0 
1 58 0 1 6 18446744073709551612 
1 59 0 
1 60 0 1 6 18446744073709551612 
1 61 0 
1 62 0 1 6 18446744073709551612 
1 63 0 
1 64 0 1 6 18446744073709551612 
1 65 0 
1 66 0 1 6 18446744073709551612 
1 67 0 
1 68 0 1 6 18446744073709551612 
1 69 0 
1 70 0 1 6 18446744073709551612 
1 71 0 
1 72 0 1 6 18446744073709551612 
1 73 0 
1 74 0 1 6 18446744073709551612 
1 75 0 
1 76 0 1 6 18446744073709551612 
1 77 0 
1 78 0 1 6 18446744073709551612 
1 79 0 
1 80 0 1 6 18446744073709551612 
1 81 0 
1 82 0 1 6 18446744073709551612 
1 83 0 
1 84 0 1 6 18446744073709551612 
1 85 0 
1 86 0 1 6 18446744073709551612 
1 87 0 
1 88 0 1 6 18446744073709551612 
1 89 0 
1 90 0 1 6 18446744073709551612 
1 91 0 
1 92 0 1 6 18446744073709551612 
1 93 0 
1 94 0 1 6 18446744073709551612 
1 95 0 
1 96 0 1 6 18446744073709551612 
1 97 0 
1 98 0 1 6 18446744073709551612 
1 99 0 
1 100 0 1 6 18446744073709551612 
1 101 0 
1 102 0 1 6 18446744073709551612 
1 103 0 
1 104 0 1 6 18446744073709551612 
1 105 0 
1 106 0 1 6 18446744073709551612 
1 107 0 
1 108 0 1 6 18446744073709551612 
1 109 0 
1 110 0 1 6 18446744073709551612 
1 111 0 
1 112 0 1 6 18446744073709551612 
1 113 0 
1 114 0 1 6 18446744073709551612 
1 115 0 
1 116 0 1 6 18446744073709551612 
1 117 0 
1 118 0 1 6 18446744073709551612 
1 119 0 
1 120 0 1 6 18446744073709551612 
1 121 0 
1 122 0 1 6 18446744073709551612 
1 123 0 
1 124 0 1 6 18446744073709551612 
1 125 0 
1 126 0 1 6 18446744073709551612 
1 127 0 
1 128 0 1 6 18446744073709551612 
1 129 0 
1 130 0 1 6 18446744073709551612 
1 131 0 
1 133 0 1 6 18446744073709551612 
1 134 0 
1 135 0 1 6 18446744073709551612 
1 136 0 
1 137 0 1 6 18446744073709551612 
1 138 0 
1 139 0 1 6 18446744073709551612 
1 140 0 
1 141 0 1 6 18446744073709551612 
1 142 0 
1 143 0 1 6 18446744073709551612 
1 144 0 
1 145 0 1 6 18446744073709551612 
1 146 0 
1 147 0 1 6 18446744073709551612 
1 148 0 
1 149 0 1 6 18446744073709551612 
1 150 0 
1 151 0 1 6 18446744073709551612 
1 152 0 
1 153 0 1 6 18446744073709551612 
1 154 0 
1 155 0 1 6 18446744073709551612 
1 156 0 
1 157 0 1 6 18446744073709551612 
1 158 0 
1 159 0 1 6 18446744073709551612 
1 160 0 
1 161 0 1 6 18446744073709551612 
1 162 0 
1 163 0 1 6 18446744073709551612 
1 164 0 
1 165 0 1 6 18446744073709551612 
1 166 0 
1 167 0 1 6 18446744073709551612 
1 168 0 
1 169 0 1 6 18446744073709551612 
1 170 0 
1 171 0 1 6 18446744073709551612 
1 172 0 
1 173 0 1 6 18446744073709551612 
1 174 0 
1 175 0 1 6 18446744073709551612 
1 176 0 
1 177 0 1 6 18446744073709551612 
1 178 0 
1 179 0 1 6 18446744073709551612 
1 180 0 
1 181 0 1 6 18446744073709551612 
1 182 0 
1 183 0 1 6 18446744073709551612 
1 184 0 
1 185 0 1 6 18446744073709551612 
1 186 0 
1 187 0 1 6 18446744073709551612 
1 188 0 
1 189 0 1 6 18446744073709551612 
1 190 0 
1 191 0 1 6 18446744073709551612 
1 192 0 
1 193 0 1 6 18446744073709551612 
1 194 0 
1 195 0 1 6 18446744073709551612 
1 196 0 
1 197 0 1 6 18446744073709551612 
1 198 0 
1 199 0 1 6 18446744073709551612 
1 200 0 
1 201 0 1 6 18446744073709551612 
1 202 0 
1 203 0 1 6 18446744073709551612 
1 204 0 
1 205 0 1 6 18446744073709551612 
1 206 0 
1 207 0 1 6 18446744073709551612 
1 208 0 
1 209 0 1 6 18446744073709551612 
1 210 0 
1 211 0 1 6 18446744073709551612 
1 212 0 
1 213 0 1 6 18446744073709551612 
1 214 0 
1 215 0 1 6 18446744073709551612 
1 216 0 
1 217 0 1 6 18446744073709551612 
1 218 0 
1 219 0 1 6 18446744073709551612 
1 220 0 
1 221 0 1 6 18446744073709551612 
1 222 0 
1 223 0 1 6 18446744073709551612 
1 224 0 
1 225 0 1 6 18446744073709551612 
1 226 0 
1 227 0 1 6 18446744073709551612 
1 228 0 
1 229 0 1 6 18446744073709551612 
1 230 0 
1 231 0 1 6 18446744073709551612 
1 232 0 
1 233 0 1 6 18446744073709551612 
1 234 0 
1 235 0 1 6 18446744073709551612 
1 236 0 
1 237 0 1 6 18446744073709551612 
1 238 0 
1 239 0 1 6 18446744073709551612 
1 240 0 
1 241 0 1 6 18446744073709551612 
1 242 0 
1 243 0 1 6 18446744073709551612 
1 244 0 
2 5 0 2 
2 7 0 2 
2 9 0 2 
2 11 0 2 
2 13 0 2 
2 15 0 2 
2 17 0 2 
2 19 0 2 
2 21 0 2 
2 23 0 2 
2 25 0 2 
2 27 0 2 
2 29 0 2 
2 31 0 2 
2 33 0 2 
2 35 0 2 
2 37 0 2 
2 39 0 2 
2 41 0 2 
2 43 0 2 
2 45 0 2 
2 47 0 2 
2 49 0 2 
2 51 0 2 
2 53 0 2 
2 55 0 2 
2 57 0 2 
2 59 0 2 
2 61 0 2 
2 63 0 2 
2 65 0 2 
2 67 0 2 
2 69 0 2 
2 71 0 2 
2 73 0 2 
2 75 0 2 
2 77 0 2 
2 79 0 2 
2 81 0 2 
2 83 0 2 
2 85 0 2 
2 87 0 2 
2 89 0 2 
2 91 0 2 
2 93 0 2 
2 95 0 2 
2 97 0 2 
2 99 0 2 
2 101 0 2 
2 103 0 2 
2 105 0 2 
2 107 0 2 
2 109 0 2 
2 111 0 2 
2 113 0 2 
2 115 0 2 
2 117 0 2 
2 119 0 2 
2 121 0 2 
2 123 0 2 
2 125 0 2 
2 127 0 2 
2 129 0 2 
2 131 0 2 
2 134 0 2 
2 136 0 2 
2 138 0 2 
2 140 0 2 
2 142 0 2 
2 144 0 2 
2 146 0 2 
2 148 0 2 
2 150 0 2 
2 152 0 2 
2 154 0 2 
2 156 0 2 
2 158 0 2 
2 160 0 2 
2 162 0 2 
2 164 0 2 
2 166 0 2 
2 168 0 2 
2 170 0 2 
2 172 0 2 
2 174 0 2 
2 176 0 2 
2 178 0 2 
2 180 0 2 
2 182 0 2 
2 184 0 2 
2 186 0 2 
2 188 0 2 
2 190 0 2 
2 192 0 2 
2 194 0 2 
2 196 0 2 
2 198 0 2 
2 200 0 2 
2 202 0 2 
2 204 0 2 
2 206 0 2 
2 208 0 2 
2 210 0 2 
2 212 0 2 
2 214 0 2 
2 216 0 2 
2 218 0 2 
2 220 0 2 
2 222 0 2 
2 224 0 2 
2 226 0 2 
2 228 0 2 
2 230 0 2 
2 232 0 2 
2 234 0 2 
2 236 0 2 
2 238 0 2 
2 240 0 2 
2 242 0 2 
2 244 0 2 
3 4 0 1 2 7 9 18446744073709551609 18446744073709551612 18446744073709551614 
3 6 0 1 2 7 9 18446744073709551609 18446744073709551612 18446744073709551614 
3 8 0 1 2 7 9 18446744073709551609 18446744073709551612 18446744073709551614 
3 10 0 1 2 7 9 18446744073709551609 18446744073709551612 18446744073709551614 
3 12 0 1 2 7 9 18446744073709551609 18446744073709551612 18446744073709551614 
3 14 0 1 2 7 9 18446744073709551609 18446744073709551612 18446744073709551614 
3 16 0 1 2 7 9 18446744073709551609 18446744073709551612 18446744073709551614 
3 18 0 1 2 7 9 18446744073709551609 18446744073709551612 18446744073709551614 
3 20 0 1 2 7 9 18446744073709551609 18446744073709551612 18446744073709551614 
3 22 0 1 2 7 9 18446744073709551609 18446744073709551612 18446744073709551614 
3 24 0 1 2 7 9 18446744073709551609 18446744073709551612 18446744073709551614 
3 26 0 1 2 7 9 18446744073709551609 18446744073709551612 18446744073709551614 
3 28 0 1 2 7 9 18446744073709551609 18446744073709551612 18446744073709551614 
3 30 0 1 2 7 9 18446744073709551609 18446744073709551612 18446744073709551614 
3 32 0 1 2 7 9 18446744073709551609 18446744073709551612 18446744073709551614 
3 34 0 1 2 7 9 18446744073709551609 18446744073709551612 18446744073709551614 
3 36 0 1 2 7 9 18446744073709551609 18446744073709551612 18446744073709551614 
3 38 0 1 2 7 9 18446744073709551609 18446744073709551612 18446744073709551614 
3 40 0 1 2 7 9 18446744073709551609 18446744073709551612 18446744073709551614 
3 42 0 1 2 7 9 18446744073709551609 18446744073709551612 18446744073709551614 
3 44 0 1 2 7 9 18446744073709551609 18446744073709551612 18446744073709551614 
3 46 0 1 2 7 9 18446744073709551609 18446744073709551612 18446744073709551614 
3 48 0 1 2 7 9 18446744073709551609 18446744073709551612 18446744073709551614 
3 50 0 1 2 7 9 18446744073709551609 18446744073709551612 18446744073709551614 
3 52 0 1 2 7 9 18446744073709551609 18446744073709551612 18446744073709551614 
3 54 0 1 2 7 9 18446744073709551609 18446744073709551612 18446744073709551614 
3 56 0 1 2 7 9 18446744073709551609 18446744073709551612 18446744073709551614 
3 58 0 1 2 7 9 18446744073709551609 18446744073709551612 18446744073709551614 
3 60 0 1 2 7 9 18446744073709551609 18446744073709551612 18446744073709551614 
3 62 0 1 2 7 9 18446744073709551609 18446744073709551612 18446744073709551614 
3 64 0 1 2 7 9 18446744073709551609 18446744073709551612 18446744073709551614 
3 66 0 1 2 7 9 18446744073709551609 18446744073709551612 18446744073709551614 
3 68 0 1 2 7 9 18446744073709551609 18446744073709551612 18446744073709551614 
3 70 0 1 2 7 9 18446744073709551609 18446744073709551612 18446744073709551614 
3 72 0 1 2 7 9 18446744073709551609 18446744073709551612 18446744073709551614 
3 74 0 1 2 7 9 18446744073709551609 18446744073709551612 18446744073709551614 
3 76 0 1 2 7 9 18446744073709551609 18446744073709551612 18446744073709551614 
3 78 0 1 2 7 9 18446744073709551609 18446744073709551612 18446744073709551614 
3 80 0 1 2 7 9 18446744073709551609 18446744073709551612 18446744073709551614 
3 82 0 1 2 7 9 18446744073709551609 18446744073709551612 18446744073709551614 
3 84 0 1 2 7 9 18446744073709551609 18446744073709551612 18446744073709551614 
3 86 0 1 2 7 9 18446744073709551609 18446744073709551612 18446744073709551614 
3 88 0 1 2 7 9 18446744073709551609 18446744073709551612 18446744073709551614 
3 90 0 1 2 7 9 18446744073709551609 18446744073709551612 18446744073709551614 
3 92 0 1 2 7 9 18446744073709551609 18446744073709551612 18446744073709551614 
3 94 0 1 2 7 9 18446744073709551609 18446744073709551612 18446744073709551614 
3 96 0 1 2 7 9 18446744073709551609 18446744073709551612 18446744073709551614 
3 98 0 1 2 7 9 18446744073709551609 18446744073709551612 18446744073709551614 
3 100 0 1 2 7 9 18446744073709551609 18446744073709551612 18446744073709551614 
3 102 0 1 2 7 9 18446744073709551609 18446744073709551612 18446744073709551614 
3 104 0 1 2 7 9 18446744073709551609 18446744073709551612 18446744073709551614 
3 106 0 1 2 7 9 18446744073709551609 18446744073709551612 18446744073709551614 
3 108 0 1 2 7 9 18446744073709551609 18446744073709551612 18446744073709551614 
3 110 0 1 2 7 9 18446744073709551609 18446744073709551612 18446744073709551614 
3 112 0 1 2 7 9 18446744073709551609 18446744073709551612 18446744073709551614 
3 114 0 1 2 7 9 18446744073709551609 18446744073709551612 18446744073709551614 
3 116 0 1 2 7 9 18446744073709551609 18446744073709551612 18446744073709551614 
3 118 0 1 2 7 9 18446744073709551609 18446744073709551612 18446744073709551614 
3 120 0 1 2 7 9 18446744073709551609 18446744073709551612 18446744073709551614 
3 122 0 1 2 7 9 18446744073709551609 18446744073709551612 18446744073709551614 
3 124 0 1 2 7 9 18446744073709551609 18446744073709551612 18446744073709551614 
3 126 0 1 2 7 9 18446744073709551609 18446744073709551612 18446744073709551614 
3 128 0 1 2 7 9 18446744073709551609 18446744073709551612 18446744073709551614 
3 130 0 1 2 7 9 18446744073709551609 18446744073709551612 18446744073709551614 
4 5 0 1 2 6 7 9 18446744073709551609 18446744073709551612 18446744073709551614 
5 245 0 
6 7 0 1 2 6 7 9 18446744073709551609 18446744073709551612 18446744073709551614 
7 245 0 
8 9 0 1 2 6 7 9 18446744073709551609 18446744073709551612 18446744073709551614 
9 245 0 
10 11 0 1 2 6 7 9 18446744073709551609 18446744073709551612 18446744073709551614 
11 245 18446744073709551613 
12 13 0 1 2 6 7 9 18446744073709551609 18446744073709551612 18446744073709551614 
13 245 0 
14 15 0 1 2 6 7 9 18446744073709551609 18446744073709551612 18446744073709551614 
15 245 0 
16 17 0 1 2 6 7 9 18446744073709551609 18446744073709551612 18446744073709551614 
17 245 0 
18 19 0 1 2 6 7 9 18446744073709551609 18446744073709551612 18446744073709551614 
19 245 0 
20 21 0 1 2 6 7 9 18446744073709551609 18446744073709551612 18446744073709551614 
21 245 0 
22 23 0 1 2 6 7 9 18446744073709551609 18446744073709551612 18446744073709551614 
23 245 0 
24 25 0 1 2 6 7 9 18446744073709551609 18446744073709551612 18446744073709551614 
25 245 0 
26 27 0 1 2 6 7 9 18446744073709551609 18446744073709551612 18446744073709551614 
27 245 0 
28 29 0 1 2 6 7 9 18446744073709551609 18446744073709551612 18446744073709551614 
29 245 0 
30 31 0 1 2 6 7 9 18446744073709551609 18446744073709551612 18446744073709551614 
31 245 0 
32 33 0 1 2 6 7 9 18446744073709551609 18446744073709551612 18446744073709551614 
33 245 0 
34 35 0 1 2 6 7 9 18446744073709551609 18446744073709551612 18446744073709551614 
35 245 0 
36 37 0 1 2 6 7 9 18446744073709551609 18446744073709551612 18446744073709551614 
37 245 0 
38 39 0 1 2 6 7 9 18446744073709551609 18446744073709551612 18446744073709551614 
39 245 0 
40 41 0 1 2 6 7 9 18446744073709551609 18446744073709551612 18446744073709551614 
41 245 0 
42 43 0 1 2 6 7 9 18446744073709551609 18446744073709551612 18446744073709551614 
43 245 0 
44 45 0 1 2 6 7 9 18446744073709551609 18446744073709551612 18446744073709551614 
45 245 0 
46 47 0 1 2 6 7 9 18446744073709551609 18446744073709551612 18446744073709551614 
47 245 0 
48 49 0 1 2 6 7 9 18446744073709551609 18446744073709551612 18446744073709551614 
49 245 0 
50 51 0 1 2 6 7 9 18446744073709551609 18446744073709551612 18446744073709551614 
51 245 0 
52 53 0 1 2 6 7 9 18446744073709551609 18446744073709551612 18446744073709551614 
53 245 0 
54 55 0 1 2 6 7 9 18446744073709551609 18446744073709551612 18446744073709551614 
55 245 0 
56 57 0 1 2 6 7 9 18446744073709551609 18446744073709551612 18446744073709551614 
57 245 5 
58 59 0 1 2 6 7 9 18446744073709551609 18446744073709551612 18446744073709551614 
59 245 0 
60 61 0 1 2 6 7 9 18446744073709551609 18446744073709551612 18446744073709551614 
61 245 0 
62 63 0 1 2 6 7 9 18446744073709551609 18446744073709551612 18446744073709551614 
63 245 0 
64 65 0 1 2 6 7 9 18446744073709551609 18446744073709551612 18446744073709551614 
65 245 0 
66 67 0 1 2 6 7 9 18446744073709551609 18446744073709551612 18446744073709551614 
67 245 0 
68 69 0 1 2 6 7 9 18446744073709551609 18446744073709551612 18446744073709551614 
69 245 0 
70 71 0 1 2 6 7 9 18446744073709551609 18446744073709551612 18446744073709551614 
71 245 0 
72 73 0 1 2 6 7 9 18446744073709551609 18446744073709551612 18446744073709551614 
73 245 0 
74 75 0 1 2 6 7 9 18446744073709551609 18446744073709551612 18446744073709551614 
75 245 0 
76 77 0 1 2 6 7 9 18446744073709551609 18446744073709551612 18446744073709551614 
77 245 0 
78 79 0 1 2 6 7 9 18446744073709551609 18446744073709551612 18446744073709551614 
79 245 0 
80 81 0 1 2 6 7 9 18446744073709551609 18446744073709551612 18446744073709551614 
81 245 0 
82 83 0 1 2 6 7 9 18446744073709551609 18446744073709551612 18446744073709551614 
83 245 0 
84 85 0 1 2 6 7 9 18446744073709551609 18446744073709551612 18446744073709551614 
85 245 0 
86 87 0 1 2 6 7 9 18446744073709551609 18446744073709551612 18446744073709551614 
87 245 0 
88 89 0 1 2 6 7 9 18446744073709551609 18446744073709551612 18446744073709551614 
89 245 0 
90 91 0 1 2 6 7 9 18446744073709551609 18446744073709551612 18446744073709551614 
91 245 0 
92 93 0 1 2 6 7 9 18446744073709551609 18446744073709551612 18446744073709551614 
93 245 0 
94 95 0 1 2 6 7 9 18446744073709551609 18446744073709551612 18446744073709551614 
95 245 0 
96 97 0 1 2 6 7 9 18446744073709551609 18446744073709551612 18446744073709551614 
97 245 0 
98 99 0 1 2 6 7 9 18446744073709551609 18446744073709551612 18446744073709551614 
99 245 0 
100 101 0 1 2 6 7 9 18446744073709551609 18446744073709551612 18446744073709551614 
101 245 0 
102 103 0 1 2 6 7 9 18446744073709551609 18446744073709551612 18446744073709551614 
103 245 0 
104 105 0 1 2 6 7 9 18446744073709551609 18446744073709551612 18446744073709551614 
105 245 0 
106 107 0 1 2 6 7 9 18446744073709551609 18446744073709551612 18446744073709551614 
107 245 0 
108 109 0 1 2 6 7 9 18446744073709551609 18446744073709551612 18446744073709551614 
109 245 0 
110 111 0 1 2 6 7 9 18446744073709551609 18446744073709551612 18446744073709551614 
111 245 0 
112 113 0 1 2 6 7 9 18446744073709551609 18446744073709551612 18446744073709551614 
113 245 0 
114 115 0 1 2 6 7 9 18446744073709551609 18446744073709551612 18446744073709551614 
115 245 0 
116 117 0 1 2 6 7 9 18446744073709551609 18446744073709551612 18446744073709551614 
117 245 0 
118 119 0 1 2 6 7 9 18446744073709551609 18446744073709551612 18446744073709551614 
119 245 0 
120 121 0 1 2 6 7 9 18446744073709551609 18446744073709551612 18446744073709551614 
121 245 0 
122 123 0 1 2 6 7 9 18446744073709551609 18446744073709551612 18446744073709551614 
123 245 0 
124 125 0 1 2 6 7 9 18446744073709551609 18446744073709551612 18446744073709551614 
125 245 0 
126 127 0 1 2 6 7 9 18446744073709551609 18446744073709551612 18446744073709551614 
127 245 0 
128 129 0 1 2 6 7 9 18446744073709551609 18446744073709551612 18446744073709551614 
129 245 0 
130 131 0 1 2 6 7 9 18446744073709551609 18446744073709551612 18446744073709551614 
131 245 0 
132 133 0 1 2 7 9 18446744073709551609 18446744073709551612 18446744073709551614 
132 135 0 1 2 7 9 18446744073709551609 18446744073709551612 18446744073709551614 
132 137 0 1 2 7 9 18446744073709551609 18446744073709551612 18446744073709551614 
132 139 0 1 2 7 9 18446744073709551609 18446744073709551612 18446744073709551614 
132 141 0 1 2 7 9 18446744073709551609 18446744073709551612 18446744073709551614 
132 143 0 1 2 7 9 18446744073709551609 18446744073709551612 18446744073709551614 
132 145 0 1 2 7 9 18446744073709551609 18446744073709551612 18446744073709551614 
132 147 0 1 2 7 9 18446744073709551609 18446744073709551612 18446744073709551614 
132 149 0 1 2 7 9 18446744073709551609 18446744073709551612 18446744073709551614 
132 151 0 1 2 7 9 18446744073709551609 18446744073709551612 18446744073709551614 
132 153 0 1 2 7 9 18446744073709551609 18446744073709551612 18446744073709551614 
132 155 0 1 2 7 9 18446744073709551609 18446744073709551612 18446744073709551614 
132 157 0 1 2 7 9 18446744073709551609 18446744073709551612 18446744073709551614 
132 159 0 1 2 7 9 18446744073709551609 18446744073709551612 18446744073709551614 
132 161 0 1 2 7 9 18446744073709551609 18446744073709551612 18446744073709551614 
132 163 0 1 2 7 9 18446744073709551609 18446744073709551612 18446744073709551614 
132 165 0 1 2 7 9 18446744073709551609 18446744073709551612 18446744073709551614 
132 167 0 1 2 7 9 18446744073709551609 18446744073709551612 18446744073709551614 
132 169 0 1 2 7 9 18446744073709551609 18446744073709551612 18446744073709551614 
132 171 0 1 2 7 9 18446744073709551609 18446744073709551612 18446744073709551614 
132 173 0 1 2 7 9 18446744073709551609 18446744073709551612 18446744073709551614 
132 175 0 1 2 7 9 18446744073709551609 18446744073709551612 18446744073709551614 
132 177 0 1 2 7 9 18446744073709551609 18446744073709551612 18446744073709551614 
132 179 0 1 2 7 9 18446744073709551609 18446744073709551612 18446744073709551614 
132 181 0 1 2 7 9 18446744073709551609 18446744073709551612 18446744073709551614 
132 183 0 1 2 7 9 18446744073709551609 18446744073709551612 18446744073709551614 
132 185 0 1 2 7 9 18446744073709551609 18446744073709551612 18446744073709551614 
132 187 0 1 2 7 9 18446744073709551609 18446744073709551612 18446744073709551614 
132 189 0 1 2 7 9 18446744073709551609 18446744073709551612 18446744073709551614 
132 191 0 1 2 7 9 18446744073709551609 18446744073709551612 18446744073709551614 
132 193 0 1 2 7 9 18446744073709551609 18446744073709551612 18446744073709551614 
132 195 0 1 2 7 9 18446744073709551609 18446744073709551612 18446744073709551614 
132 197 0 1 2 7 9 18446744073709551609 18446744073709551612 18446744073709551614 
132 199 0 1 2 7 9 18446744073709551609 18446744073709551612 18446744073709551614 
132 201 0 1 2 7 9 18446744073709551609 18446744073709551612 18446744073709551614 
132 203 0 1 2 7 9 18446744073709551609 18446744073709551612 18446744073709551614 
132 205 0 1 2 7 9 18446744073709551609 18446744073709551612 18446744073709551614 
132 207 0 1 2 7 9 18446744073709551609 18446744073709551612 18446744073709551614 
132 209 0 1 2 7 9 18446744073709551609 18446744073709551612 18446744073709551614 
132 211 0 1 2 7 9 18446744073709551609 18446744073709551612 18446744073709551614 
132 213 0 1 2 7 9 18446744073709551609 18446744073709551612 18446744073709551614 
132 215 0 1 2 7 9 18446744073709551609 18446744073709551612 18446744073709551614 
132 217 0 1 2 7 9 18446744073709551609 18446744073709551612 18446744073709551614 
132 219 0 1 2 7 9 18446744073709551609 18446744073709551612 18446744073709551614 
132 221 0 1 2 7 9 18446744073709551609 18446744073709551612 18446744073709551614 
132 223 0 1 2 7 9 18446744073709551609 18446744073709551612 18446744073709551614 
132 225 0 1 2 7 9 18446744073709551609 18446744073709551612 18446744073709551614 
132 227 0 1 2 7 9 18446744073709551609 18446744073709551612 18446744073709551614 
132 229 0 1 2 7 9 18446744073709551609 18446744073709551612 18446744073709551614 
132 231 0 1 2 7 9 18446744073709551609 18446744073709551612 18446744073709551614 
132 233 0 1 2 7 9 18446744073709551609 18446744073709551612 18446744073709551614 
132 235 0 1 2 7 9 18446744073709551609 18446744073709551612 18446744073709551614 
132 237 0 1 2 7 9 18446744073709551609 18446744073709551612 18446744073709551614 
132 239 0 1 2 7 9 18446744073709551609 18446744073709551612 18446744073709551614 
132 241 0 1 2 7 9 18446744073709551609 18446744073709551612 18446744073709551614 
132 243 0 1 2 7 9 18446744073709551609 18446744073709551612 18446744073709551614 
133 134 0 1 2 6 7 9 18446744073709551609 18446744073709551612 18446744073709551614 
134 246 0 
135 136 0 1 2 6 7 9 18446744073709551609 18446744073709551612 18446744073709551614 
136 246 0 
137 138 0 1 2 6 7 9 18446744073709551609 18446744073709551612 18446744073709551614 
138 246 0 
139 140 0 1 2 6 7 9 18446744073709551609 18446744073709551612 18446744073709551614 
140 246 0 
141 142 0 1 2 6 7 9 18446744073709551609 18446744073709551612 18446744073709551614 
142 246 0 
143 144 0 1 2 6 7 9 18446744073709551609 18446744073709551612 18446744073709551614 
144 246 0 
145 146 0 1 2 6 7 9 18446744073709551609 18446744073709551612 18446744073709551614 
146 246 0 
147 148 0 1 2 6 7 9 18446744073709551609 18446744073709551612 18446744073709551614 
148 246 0 
149 150 0 1 2 6 7 9 18446744073709551609 18446744073709551612 18446744073709551614 
150 246 0 
151 152 0 1 2 6 7 9 18446744073709551609 18446744073709551612 18446744073709551614 
152 246 0 
153 154 0 1 2 6 7 9 18446744073709551609 18446744073709551612 18446744073709551614 
154 246 0 
155 156 0 1 2 6 7 9 18446744073709551609 18446744073709551612 18446744073709551614 
156 246 0 
157 158 0 1 2 6 7 9 18446744073709551609 18446744073709551612 18446744073709551614 
158 246 0 
159 160 0 1 2 6 7 9 18446744073709551609 18446744073709551612 18446744073709551614 
160 246 0 
161 162 0 1 2 6 7 9 18446744073709551609 18446744073709551612 18446744073709551614 
162 246 0 
163 164 0 1 2 6 7 9 18446744073709551609 18446744073709551612 18446744073709551614 
164 246 0 
165 166 0 1 2 6 7 9 18446744073709551609 18446744073709551612 18446744073709551614 
166 246 0 
167 168 0 1 2 6 7 9 18446744073709551609 18446744073709551612 18446744073709551614 
168 246 0 
169 170 0 1 2 6 7 9 18446744073709551609 18446744073709551612 18446744073709551614 
170 246 0 
171 172 0 1 2 6 7 9 18446744073709551609 18446744073709551612 18446744073709551614 
172 246 0 
173 174 0 1 2 6 7 9 18446744073709551609 18446744073709551612 18446744073709551614 
174 246 0 
175 176 0 1 2 6 7 9 18446744073709551609 18446744073709551612 18446744073709551614 
176 246 0 
177 178 0 1 2 6 7 9 18446744073709551609 18446744073709551612 18446744073709551614 
178 246 0 
179 180 0 1 2 6 7 9 18446744073709551609 18446744073709551612 18446744073709551614 
180 246 0 
181 182 0 1 2 6 7 9 18446744073709551609 18446744073709551612 18446744073709551614 
182 246 0 
183 184 0 1 2 6 7 9 18446744073709551609 18446744073709551612 18446744073709551614 
184 246 0 
185 186 0 1 2 6 7 9 18446744073709551609 18446744073709551612 18446744073709551614 
186 246 0 
187 188 0 1 2 6 7 9 18446744073709551609 18446744073709551612 18446744073709551614 
188 246 0 
189 190 0 1 2 6 7 9 18446744073709551609 18446744073709551612 18446744073709551614 
190 246 0 
191 192 0 1 2 6 7 9 18446744073709551609 18446744073709551612 18446744073709551614 
192 246 0 
193 194 0 1 2 6 7 9 18446744073709551609 18446744073709551612 18446744073709551614 
194 246 0 
195 196 0 1 2 6 7 9 18446744073709551609 18446744073709551612 18446744073709551614 
196 246 0 
197 198 0 1 2 6 7 9 18446744073709551609 18446744073709551612 18446744073709551614 
198 246 0 
199 200 0 1 2 6 7 9 18446744073709551609 18446744073709551612 18446744073709551614 
200 246 0 
201 202 0 1 2 6 7 9 18446744073709551609 18446744073709551612 18446744073709551614 
202 246 0 
203 204 0 1 2 6 7 9 18446744073709551609 18446744073709551612 18446744073709551614 
204 246 0 
205 206 0 1 2 6 7 9 18446744073709551609 18446744073709551612 18446744073709551614 
206 246 0 
207 208 0 1 2 6 7 9 18446744073709551609 18446744073709551612 18446744073709551614 
208 246 0 
209 210 0 1 2 6 7 9 18446744073709551609 18446744073709551612 18446744073709551614 
210 246 0 
211 212 0 1 2 6 7 9 18446744073709551609 18446744073709551612 18446744073709551614 
212 246 0 
213 214 0 1 2 6 7 9 18446744073709551609 18446744073709551612 18446744073709551614 
214 246 0 
215 216 0 1 2 6 7 9 18446744073709551609 18446744073709551612 18446744073709551614 
216 246 0 
217 218 0 1 2 6 7 9 18446744073709551609 18446744073709551612 18446744073709551614 
218 246 0 
219 220 0 1 2 6 7 9 18446744073709551609 18446744073709551612 18446744073709551614 
220 246 0 
221 222 0 1 2 6 7 9 18446744073709551609 18446744073709551612 18446744073709551614 
222 246 0 
223 224 0 1 2 6 7 9 18446744073709551609 18446744073709551612 18446744073709551614 
224 246 0 
225 226 0 1 2 6 7 9 18446744073709551609 18446744073709551612 18446744073709551614 
226 246 0 
227 228 0 1 2 6 7 9 18446744073709551609 18446744073709551612 18446744073709551614 
228 246 0 
229 230 0 1 2 6 7 9 18446744073709551609 18446744073709551612 18446744073709551614 
230 246 0 
231 232 0 1 2 6 7 9 18446744073709551609 18446744073709551612 18446744073709551614 
232 246 0 
233 234 0 1 2 6 7 9 18446744073709551609 18446744073709551612 18446744073709551614 
234 246 0 
235 236 0 1 2 6 7 9 18446744073709551609 18446744073709551612 18446744073709551614 
236 246 0 
237 238 0 1 2 6 7 9 18446744073709551609 18446744073709551612 18446744073709551614 
238 246 0 
239 240 0 1 2 6 7 9 18446744073709551609 18446744073709551612 18446744073709551614 
240 246 0 
241 242 0 1 2 6 7 9 18446744073709551609 18446744073709551612 18446744073709551614 
242 246 0 
243 244 0 1 2 6 7 9 18446744073709551609 18446744073709551612 18446744073709551614 
244 246 0 
245 246 0 5 18446744073709551613 
