0 3 72
0 132 72
1 4 66
1 5 1
1 6 66
1 7 1
1 8 66
1 9 1
1 10 66
1 11 1
1 12 66
1 13 1
1 14 66
1 15 1
1 16 66
1 17 1
1 18 66
1 19 1
1 20 66
1 21 1
1 22 66
1 23 1
1 24 66
1 25 1
1 26 66
1 27 1
1 28 66
1 29 1
1 30 66
1 31 1
1 32 66
1 33 1
1 34 66
1 35 1
1 36 66
1 37 1
1 38 66
1 39 1
1 40 66
1 41 1
1 42 66
1 43 1
1 44 66
1 45 1
1 46 66
1 47 1
1 48 66
1 49 1
1 50 66
1 51 1
1 52 66
1 53 1
1 54 66
1 55 1
1 56 66
1 57 1
1 58 66
1 59 1
1 60 66
1 61 1
1 62 66
1 63 1
1 64 66
1 65 1
1 66 66
1 67 1
1 68 66
1 69 1
1 70 66
1 71 1
1 72 66
1 73 1
1 74 66
1 75 1
1 76 66
1 77 1
1 78 66
1 79 1
1 80 66
1 81 1
1 82 66
1 83 1
1 84 66
1 85 1
1 86 66
1 87 1
1 88 66
1 89 1
1 90 66
1 91 1
1 92 66
1 93 1
1 94 66
1 95 1
1 96 66
1 97 1
1 98 66
1 99 1
1 100 66
1 101 1
1 102 66
1 103 1
1 104 66
1 105 1
1 106 66
1 107 1
1 108 66
1 109 1
1 110 66
1 111 1
1 112 66
1 113 1
1 114 66
1 115 1
1 116 66
1 117 1
1 118 66
1 119 1
1 120 66
1 121 1
1 122 66
1 123 1
1 124 66
1 125 1
1 126 66
1 127 1
1 128 66
1 129 1
1 130 66
1 131 1
1 133 66
1 134 1
1 135 66
1 136 1
1 137 66
1 138 1
1 139 66
1 140 1
1 141 66
1 142 1
1 143 66
1 144 1
1 145 66
1 146 1
1 147 66
1 148 1
1 149 66
1 150 1
1 151 66
1 152 1
1 153 66
1 154 1
1 155 66
1 156 1
1 157 66
1 158 1
1 159 66
1 160 1
1 161 66
1 162 1
1 163 66
1 164 1
1 165 66
1 166 1
1 167 66
1 168 1
1 169 66
1 170 1
1 171 66
1 172 1
1 173 66
1 174 1
1 175 66
1 176 1
1 177 66
1 178 1
1 179 66
1 180 1
1 181 66
1 182 1
1 183 66
1 184 1
1 185 66
1 186 1
1 187 66
1 188 1
1 189 66
1 190 1
1 191 66
1 192 1
1 193 66
1 194 1
1 195 66
1 196 1
1 197 66
1 198 1
1 199 66
1 200 1
1 201 66
1 202 1
1 203 66
1 204 1
1 205 66
1 206 1
1 207 66
1 208 1
1 209 66
1 210 1
1 211 66
1 212 1
1 213 66
1 214 1
1 215 66
1 216 1
1 217 66
1 218 1
1 219 66
1 220 1
1 221 66
1 222 1
1 223 66
1 224 1
1 225 66
1 226 1
1 227 66
1 228 1
1 229 66
1 230 1
1 231 66
1 232 1
1 233 66
1 234 1
1 235 66
1 236 1
1 237 66
1 238 1
1 239 66
1 240 1
1 241 66
1 242 1
1 243 66
1 244 1
2 5 23
2 7 23
2 9 23
2 11 23
2 13 23
2 15 23
2 17 23
2 19 23
2 21 23
2 23 23
2 25 23
2 27 23
2 29 23
2 31 23
2 33 23
2 35 23
2 37 23
2 39 23
2 41 23
2 43 23
2 45 23
2 47 23
2 49 23
2 51 23
2 53 23
2 55 23
2 57 23
2 59 23
2 61 23
2 63 23
2 65 23
2 67 23
2 69 23
2 71 23
2 73 23
2 75 23
2 77 23
2 79 23
2 81 23
2 83 23
2 85 23
2 87 23
2 89 23
2 91 23
2 93 23
2 95 23
2 97 23
2 99 23
2 101 23
2 103 23
2 105 23
2 107 23
2 109 23
2 111 23
2 113 23
2 115 23
2 117 23
2 119 23
2 121 23
2 123 23
2 125 23
2 127 23
2 129 23
2 131 23
2 134 23
2 136 23
2 138 23
2 140 23
2 142 23
2 144 23
2 146 23
2 148 23
2 150 23
2 152 23
2 154 23
2 156 23
2 158 23
2 160 23
2 162 23
2 164 23
2 166 23
2 168 23
2 170 23
2 172 23
2 174 23
2 176 23
2 178 23
2 180 23
2 182 23
2 184 23
2 186 23
2 188 23
2 190 23
2 192 23
2 194 23
2 196 23
2 198 23
2 200 23
2 202 23
2 204 23
2 206 23
2 208 23
2 210 23
2 212 23
2 214 23
2 216 23
2 218 23
2 220 23
2 222 23
2 224 23
2 226 23
2 228 23
2 230 23
2 232 23
2 234 23
2 236 23
2 238 23
2 240 23
2 242 23
2 244 23
3 4 72
3 6 72
3 8 72
3 10 72
3 12 72
3 14 72
3 16 72
3 18 72
3 20 72
3 22 72
3 24 72
3 26 72
3 28 72
3 30 72
3 32 72
3 34 72
3 36 72
3 38 72
3 40 72
3 42 72
3 44 72
3 46 72
3 48 72
3 50 72
3 52 72
3 54 72
3 56 72
3 58 72
3 60 72
3 62 72
3 64 72
3 66 72
3 68 72
3 70 72
3 72 72
3 74 72
3 76 72
3 78 72
3 80 72
3 82 72
3 84 72
3 86 72
3 88 72
3 90 72
3 92 72
3 94 72
3 96 72
3 98 72
3 100 72
3 102 72
3 104 72
3 106 72
3 108 72
3 110 72
3 112 72
3 114 72
3 116 72
3 118 72
3 120 72
3 122 72
3 124 72
3 126 72
3 128 72
3 130 72
4 5 138
5 245 1
6 7 138
7 245 1
8 9 138
9 245 1
10 11 138
11 245 1
12 13 138
13 245 1
14 15 138
15 245 1
16 17 138
17 245 1
18 19 138
19 245 1
20 21 138
21 245 1
22 23 138
23 245 1
24 25 138
25 245 1
26 27 138
27 245 1
28 29 138
29 245 1
30 31 138
31 245 1
32 33 138
33 245 1
34 35 138
35 245 1
36 37 138
37 245 1
38 39 138
39 245 1
40 41 138
41 245 1
42 43 138
43 245 1
44 45 138
45 245 1
46 47 138
47 245 1
48 49 138
49 245 1
50 51 138
51 245 1
52 53 138
53 245 1
54 55 138
55 245 1
56 57 138
57 245 1
58 59 138
59 245 1
60 61 138
61 245 1
62 63 138
63 245 1
64 65 138
65 245 1
66 67 138
67 245 1
68 69 138
69 245 1
70 71 138
71 245 1
72 73 138
73 245 1
74 75 138
75 245 1
76 77 138
77 245 1
78 79 138
79 245 1
80 81 138
81 245 1
82 83 138
83 245 1
84 85 138
85 245 1
86 87 138
87 245 1
88 89 138
89 245 1
90 91 138
91 245 1
92 93 138
93 245 1
94 95 138
95 245 1
96 97 138
97 245 1
98 99 138
99 245 1
100 101 138
101 245 1
102 103 138
103 245 1
104 105 138
105 245 1
106 107 138
107 245 1
108 109 138
109 245 1
110 111 138
111 245 1
112 113 138
113 245 1
114 115 138
115 245 1
116 117 138
117 245 1
118 119 138
119 245 1
120 121 138
121 245 1
122 123 138
123 245 1
124 125 138
125 245 1
126 127 138
127 245 1
128 129 138
129 245 1
130 131 138
131 245 1
132 133 72
132 135 72
132 137 72
132 139 72
132 141 72
132 143 72
132 145 72
132 147 72
132 149 72
132 151 72
132 153 72
132 155 72
132 157 72
132 159 72
132 161 72
132 163 72
132 165 72
132 167 72
132 169 72
132 171 72
132 173 72
132 175 72
132 177 72
132 179 72
132 181 72
132 183 72
132 185 72
132 187 72
132 189 72
132 191 72
132 193 72
132 195 72
132 197 72
132 199 72
132 201 72
132 203 72
132 205 72
132 207 72
132 209 72
132 211 72
132 213 72
132 215 72
132 217 72
132 219 72
132 221 72
132 223 72
132 225 72
132 227 72
132 229 72
132 231 72
132 233 72
132 235 72
132 237 72
132 239 72
132 241 72
132 243 72
133 134 138
134 246 1
135 136 138
136 246 1
137 138 138
138 246 1
139 140 138
140 246 1
141 142 138
142 246 1
143 144 138
144 246 1
145 146 138
146 246 1
147 148 138
148 246 1
149 150 138
150 246 1
151 152 138
152 246 1
153 154 138
154 246 1
155 156 138
156 246 1
157 158 138
158 246 1
159 160 138
160 246 1
161 162 138
162 246 1
163 164 138
164 246 1
165 166 138
166 246 1
167 168 138
168 246 1
169 170 138
170 246 1
171 172 138
172 246 1
173 174 138
174 246 1
175 176 138
176 246 1
177 178 138
178 246 1
179 180 138
180 246 1
181 182 138
182 246 1
183 184 138
184 246 1
185 186 138
186 246 1
187 188 138
188 246 1
189 190 138
190 246 1
191 192 138
192 246 1
193 194 138
194 246 1
195 196 138
196 246 1
197 198 138
198 246 1
199 200 138
200 246 1
201 202 138
202 246 1
203 204 138
204 246 1
205 206 138
206 246 1
207 208 138
208 246 1
209 210 138
210 246 1
211 212 138
212 246 1
213 214 138
214 246 1
215 216 138
216 246 1
217 218 138
218 246 1
219 220 138
220 246 1
221 222 138
222 246 1
223 224 138
224 246 1
225 226 138
226 246 1
227 228 138
228 246 1
229 230 138
230 246 1
231 232 138
232 246 1
233 234 138
234 246 1
235 236 138
236 246 1
237 238 138
238 246 1
239 240 138
240 246 1
241 242 138
242 246 1
243 244 138
244 246 1
245 246 64
