0 -1
1 -1
2 -1
3 -1
4 -1
5 -1
6 -1
7 -1
8 -1
9 -1
10 -1
11 -1
12 -1
13 -1
14 -1
15 -1
16 -1
17 -1
18 -1
19 -1
20 -1
21 -1
22 -1
23 -1
24 -1
25 -1
26 -1
27 -1
28 -1
29 -1
30 -1
31 -1
32 -1
33 -1
34 -1
35 -1
36 -1
37 -1
38 -1
39 -1
40 -1
41 -1
42 -1
43 -1
44 -1
45 -1
46 -1
47 -1
48 -1
49 -1
50 -1
51 -1
52 -1
53 -1
54 -1
55 -1
56 -1
57 -1
58 -1
59 -1
60 -1
61 -1
62 -1
63 -1
64 -1
65 -1
66 -1
67 -1
68 -1
69 -1
70 -1
71 -1
72 -1
73 -1
74 -1
75 -1
76 -1
77 -1
78 -1
79 -1
80 -1
81 -1
82 -1
83 -1
84 -1
85 -1
86 -1
87 -1
88 -1
89 -1
90 -1
91 -1
92 -1
93 -1
94 -1
95 -1
96 -1
97 -1
98 -1
99 -1
100 -1
101 -1
102 -1
103 -1
104 -1
105 -1
106 -1
107 -1
108 -1
109 -1
110 -1
111 -1
112 -1
113 -1
114 -1
115 -1
116 -1
117 -1
118 -1
119 -1
120 -1
121 -1
122 -1
123 -1
124 -1
125 -1
126 -1
127 -1
128 -1
129 -1
130 -1
131 -1
132 -1
133 -1
134 -1
135 -1
136 -1
137 -1
138 -1
139 -1
140 -1
141 -1
142 -1
143 -1
144 -1
145 -1
146 -1
147 -1
148 -1
149 -1
150 -1
151 -1
152 -1
153 -1
154 -1
155 -1
156 -1
157 -1
158 -1
159 -1
160 -1
161 -1
162 -1
163 -1
164 -1
165 -1
166 -1
167 -1
168 -1
169 -1
170 -1
171 -1
172 -1
173 -1
174 -1
175 -1
176 -1
177 -1
178 -1
179 -1
180 -1
181 -1
182 -1
183 -1
184 -1
185 -1
186 -1
187 -1
188 -1
189 -1
190 -1
191 -1
192 -1
193 -1
194 -1
195 -1
196 -1
197 -1
198 -1
199 -1
200 -1
201 -1
202 -1
203 -1
204 -1
205 -1
206 -1
207 -1
208 -1
209 -1
210 -1
211 -1
212 -1
213 -1
214 -1
215 -1
216 -1
217 -1
218 -1
219 -1
220 -1
221 -1
222 -1
223 -1
224 -1
225 -1
226 -1
227 -1
228 -1
229 -1
230 -1
231 -1
232 -1
233 -1
234 -1
235 -1
236 -1
237 -1
238 -1
239 -1
240 -1
241 -1
242 -1
243 -1
244 -1
245 -1
246 -1
247 -1
248 -1
249 -1
250 -1
251 -1
252 -1
253 -1
254 -1
255 -1
256 -1
257 -1
258 -1
259 -1
260 -1
261 -1
262 -1
263 -1
264 -1
265 -1
266 -1
267 -1
268 -1
269 -1
270 -1
271 -1
272 151
273 151
274 152
275 152
276 153
277 153
278 154
279 154
280 155
281 155
282 156
283 156
284 157
285 157
286 158
287 158
288 159
289 159
290 160
291 160
292 161
293 161
294 162
295 162
296 163
297 163
298 164
299 164
300 165
301 165
302 166
303 166
304 167
305 167
306 168
307 168
308 169
309 169
310 170
311 170
312 171
313 171
314 172
315 172
316 173
317 173
318 174
319 174
320 175
321 175
322 176
323 176
324 177
325 177
326 178
327 178
328 179
329 179
330 180
331 180
332 181
333 181
334 182
335 182
336 183
337 183
338 184
339 184
340 185
341 185
342 186
343 186
344 187
345 187
346 188
347 188
348 189
349 189
350 190
351 190
352 191
353 191
354 192
355 192
356 193
357 193
358 194
359 194
360 195
361 195
362 196
363 196
364 197
365 197
366 198
367 198
368 199
369 199
370 200
371 200
372 201
373 201
374 202
375 202
376 203
377 203
378 204
379 204
380 205
381 205
382 206
383 206
384 207
385 207
386 208
387 208
388 209
389 209
390 210
391 210
392 211
393 211
394 212
395 212
396 213
397 213
398 214
399 214
400 215
401 215
402 216
403 216
404 217
405 217
406 218
407 218
408 219
409 219
410 220
411 220
412 221
413 221
414 222
415 222
416 223
417 223
418 224
419 224
420 225
421 225
422 226
423 226
424 227
425 227
426 228
427 228
428 229
429 229
430 230
431 230
432 231
433 231
434 232
435 232
436 233
437 233
438 234
439 234
440 235
441 235
442 236
443 236
444 237
445 237
446 238
447 238
448 239
449 239
450 240
451 240
452 241
453 241
454 242
455 242
456 243
457 243
458 244
459 244
460 245
461 245
462 246
463 246
464 247
465 247
466 248
467 248
468 249
469 249
470 250
471 250
472 251
473 251
474 252
475 252
476 253
477 253
478 254
479 254
480 255
481 255
482 256
483 256
484 257
485 257
486 258
487 258
488 259
489 259
490 260
491 260
492 261
493 261
494 262
495 262
496 263
497 263
498 264
499 264
500 265
501 265
502 266
503 266
504 267
505 267
506 268
507 268
508 269
509 269
510 270
511 270
512 271
